-0.8924338585529598 -1.9331114604700068 
-3.363842517361586 -7.922961367501912 
0.049334365825094255 -0.7231285035459413 
1.0683354871600586 0.6514937823053647 
0.40890837216358455 -0.005543510265048762 
-1.2831603217544154 -0.75368787169405 
0.5961573921716521 0.249170613475342 
0.20285006809295156 -0.4531433498604683 
3.3578209214361747 8.130550130308091 
0.20890886414520674 -0.06800115245195612 
-7.685820280115596 -1.5669183061655072 
-0.9917616179404543 -1.1133597513728015 
1.3804289443148798 -0.4960055274261511 
0.7159317567184604 0.47677881660693466 
-0.6776882759894447 -1.4365158653695365 
3.270982457407238 -5.750785736868902 
7.723315302671912 -2.3232796503617874 
-0.011478936487638529 -1.1216374521233672 
-0.9316331381486525 -2.099490222790971 
0.38326506119935827 -0.477488631538334 
-1.1001161475264336 0.46849070792850295 
-6.653955928967405 -1.8103234297271746 
-0.37008561777296833 -1.19555102900011 
-7.043175741145801 -2.996455791692917 
-1.7174623024371365 -0.2843893293534803 
-0.949170361562527 -1.7990362615756175 
-2.377546218005629 -4.950187221997884 
6.19379455404524 0.04628670904316123 
0.5938587074333246 0.1444668757353104 
-0.6761123385571752 -1.2887555711896599 
-1.2944113684409293 -0.7080716967136497 
1.5560526766273053 -3.7134602398892866 

-1.4794126947029742 
4.391131530490166 
-0.7732253564474667 
-1.6219326074102112 
-1.7817953649729288 
1.3343225137068089 
-1.9375617972193295 
-2.179320459731148 
1.855031192053552 
-2.147751518558562 
-6.372187535355539 
-0.9910967335335075 
1.390201683191746 
-2.0460786960304183 
-1.1450494055497973 
3.938124610320961 
0.847244968766903 
-0.7810721768283357 
-1.6600485541003862 
-0.575534370435902 
-1.1059321709018513 
0.12838185169903243 
-0.8998267323521044 
5.454308281466145 
-0.8656610979203984 
-1.3315437064449507 
-4.8800345713138125 
-4.837911266924941 
-1.5001812171038749 
-1.0196369504084357 
1.0793803883859057 
-0.38956081038431933 
Sigmoid
0.007100662302841441 -0.6777847954851215 0.17348410044130158 0.2214346534565076 0.17200472360109287 -0.2752343500021847 0.18445404854295597 0.18422943975962225 -1.1971319734639616 0.18574689503505254 -0.2599502793116815 -0.029681018913970163 0.6471691484318385 0.078997344869104 0.05726806616606487 -0.613506441222647 -1.3473048051661736 0.0578381813244905 0.1380073038393687 0.17611830332045111 -0.21538324876981613 -1.7442358311931683 0.1628076842115756 1.3003194844670978 -0.3550884182595867 -0.11080160845623002 0.5087461455691361 1.0689552911588847 0.09243198801084505 -0.07739742397535769 -0.3309554332736044 0.5048132104993348 
-0.038202853124987654 -1.1281068494560273 -0.028945372026654047 0.5273200721267424 0.10058611959646042 -0.686650620317398 0.27914054906547436 0.13237769016931786 -0.490007469814576 0.021488180854809105 -0.47794862270139854 -0.23485239425992524 0.4614867549318263 0.2852144775569879 -0.20794398396040875 -0.6625510360436158 -1.1728948824160592 -0.08479948866049827 0.11394205124089754 0.13271928470766478 -0.20152287726284654 -1.0962044511686826 -0.07360132717243281 0.621474781511317 -0.5947196333544463 -0.05124597156379458 0.03247491614265047 1.1675753810550176 0.1378933465898619 -0.293977708001514 -0.8345821827771914 0.1314358427223076 
0.06270531120961666 0.014863257594712274 0.03370817915736658 0.09391575924270841 0.1187012779439226 0.030511216384844594 -0.05340767315700684 0.1272091920718802 -0.31575239500425045 -0.07186020117512258 0.23162156229259925 0.029119803527819007 0.021554594843233712 -0.024944549648957114 -0.03520365683150024 -0.2071899590833332 -0.1592293941183899 0.0818451979704939 0.13738836754470193 -0.02093136961999972 -0.040298557740741606 -0.2812231576413717 -0.1316956031943308 0.1681443064436528 -0.03376324547204309 0.12853613966337904 0.09734848709233891 0.49147589886636417 -0.0748640579290027 -0.13557594085780272 -0.04895858774288183 0.03464742598073735 
-0.06407215066926507 -0.3428373741490359 0.0401917310232673 0.04612439996950379 0.12526045809746628 -0.1513911269844008 0.12390156965864436 0.15080179793999654 -0.9106878379748936 -0.04684007778791989 0.10367721423361183 -0.12772467211665936 0.35303164369027135 -0.03901218093917846 0.07552597610205121 -0.6094642931360257 -0.9949564483774668 0.012786575709862776 0.1976475146484225 0.18387752576634744 -0.04787818210453552 -1.3402360085931684 -0.0013248390559740238 1.0810051062737749 -0.30685545410795356 0.0443874398338642 0.4064118546644981 1.4122253072267488 0.16932724676880026 0.03522131035295413 -0.14430350119142424 0.27743093374326355 
0.2005521800873772 -0.4771487718437844 -0.04953035564948249 0.23369035711247652 0.03457394982065619 -0.2386730478475653 0.18023418522537651 -0.03613217129972667 -1.0825302359926883 0.04850596229681914 -0.07474930438699849 -0.20672372045229798 0.5118570375117458 0.059082305023011074 -0.050941522663547824 -0.8149464655960112 -1.3768150342180336 0.19068769587566012 0.12655525484320204 0.10332980368003668 -0.23244191449623341 -1.7924170424835368 0.12617327459802652 1.249747497845522 -0.33791607236659205 -0.024070156712445036 0.6823052885996145 0.9272506411658029 0.08328466982277526 0.01513682712612489 -0.3200476568988682 0.5151116905416526 
-0.2419793554061319 -1.849379204140673 0.060472058998721635 0.449401849424949 0.0866398709552686 -0.14400456745992338 0.25043843348628614 0.054285083808117855 -1.0225439266754797 0.1570305342386551 -2.9466398706706225 -0.5032761628300795 0.9150226339655249 0.1978838562510956 -0.19670742372132818 -0.012973397410424829 -2.536622610973916 0.12494164011350832 -0.19443372533354047 0.22129912663759765 -0.36761574490370674 -0.9099346564154541 -0.183801153838902 2.4911169471533374 -0.5444567002928882 -0.3460949971201973 -0.44802001158985205 -0.09704647401062828 0.31855480718771906 -0.34024860895009446 -0.25699947762060876 0.37780951205317403 
0.2390317955242985 -0.722002231414677 0.12206352223244092 0.20235706224382977 0.12600049406323158 -0.44867498555949786 0.023310170048061345 0.20045770193514656 -1.3505701654225457 0.1373789105792216 -0.1517619310257263 -0.11753899984138025 0.6627995294936272 -0.004857272367210051 -0.014804835713283558 -0.8395769888983815 -1.8789338574022958 0.10788956077591814 0.41712039563053765 0.18859927969687426 -0.4939871137734513 -2.1624745784102344 0.02148972568366505 1.5758420423188197 -0.493791780762389 0.02833260317284719 1.070647282802226 0.7647623094432628 0.22210196710772417 0.14027569860391337 -0.2952642218094835 0.6582203571212446 
0.08649177774350895 -0.16914639079760227 0.14291373161431203 -0.07071990326695425 -0.09933159221481698 0.12214217313816923 0.03825410402116295 0.14028514442407314 -0.5031360512335071 0.0384709471259147 0.48796209555884 -0.028236056493191046 -0.08483871134333966 0.06980601183323829 -0.011103781459626554 -0.33852772226031286 -0.3380711369276 -0.06097776016267768 0.14041047387041228 0.06722013603137048 0.04279033898047402 -0.35729531100341716 -0.04291705584189324 0.5271257507577578 -0.057767079885127026 0.019739005717521373 0.30740853999197004 0.6319217332514578 -0.013859843218505724 -0.003716234169847112 0.03618325696738307 -0.19283627490926616 
0.05613368691422742 -0.4384357296316175 0.10288943475026095 0.07236742919520779 0.02656210030103436 -0.09777979965024133 -0.016986454115214007 0.17518044889321588 -0.926269980611112 -0.05952403058249557 0.34974689927725344 -0.08255156502745364 0.3995539248673805 0.020822223065018537 -0.016608489834265994 -0.3585975409255042 -0.6904977731440242 0.16799062277496965 0.2632601443758591 0.03751681716324642 -0.053313887497704916 -1.1596111293797464 0.017007419208867964 0.5965942319002118 -0.21837890543017355 -0.026329189664524508 0.5337996678333496 1.182885972480402 0.03157451446794761 0.09926877130579195 -0.19678878338934483 0.07916308152086847 
-0.017698318091325042 -0.64318201847945 -0.026237382263139614 0.20956121102491532 0.197204101769454 -0.43244982315170805 0.15617178425288808 0.10528359083043587 -1.6344894802637104 0.0708871053234542 -1.8539703539149346 -0.29728637453043666 0.3891231550583743 0.22833476770007288 -0.08094311571117992 -0.3910910012057603 -1.9240476682266925 0.0856189050800552 -0.08736793591690437 0.09592444371686008 -0.38527569832880104 -0.964553170264831 -0.12827993287347025 1.5296036984627592 -0.5370041911958388 -0.09821024874827904 -0.15635052713207173 0.2285849543296396 0.24130713725105185 -0.12880736873940263 -0.35659742502202807 0.3010583754966295 
0.1491761870347886 -0.18586287117219819 0.05848015435527575 0.07057525671737394 0.062288241192447656 -0.052432464809724036 -0.06029553233104858 0.0646774841442605 -0.5966035355383726 -0.03876044704969034 -0.11307381332037773 -0.08063899130834216 0.2506821090291993 0.07094554452927558 0.0642758131872632 -0.1330617266765714 -0.6371188905198303 0.08527606764835173 0.14402997566327566 0.19200978292607557 0.04647412245330865 -0.4629848719840788 -0.07939924787539955 0.42478380345131894 -0.1256341671185063 -0.04739159817943133 0.3388630868418235 0.6043313799754731 0.10178849142575923 -0.10450747397405658 -0.17550370216543518 0.05445578447958178 
0.0060971783175918426 -0.1590489708619373 0.14166405271787294 0.2642907502702865 0.1463012869365576 -0.27966443054901186 0.22017998468906252 0.16645363915937036 -1.2230990899837544 0.18907036174798267 -0.10281726575544954 -0.08108238084405549 0.7534695324598009 0.02177789457170513 0.0544592229454998 -0.6646386543840254 -1.0861794799163587 0.13371623200000204 0.09250203080434713 0.25065689362982235 -0.12721873159154445 -2.1008632491177797 0.19550531319557388 0.9984786932367234 -0.3686395393053419 0.1045305236119099 0.6738832917731753 1.8570275797549314 0.21759295092711725 0.003633803687860699 -0.17068007829992754 0.7276010003591022 
0.12101384959748754 -0.42649864624423506 0.05939673098034206 0.24662414626850887 -0.04583498688455047 -0.18060392917257018 0.10741023410279912 0.1436026958687793 -0.8616133608227662 0.05253857348946753 0.2377634366960507 0.014008206272677756 0.22438470629594487 0.11690836463836389 0.1861735649826941 -0.6043630575464287 -0.8794406162683973 0.2409539227504249 0.21187771493424054 0.20706182843473853 -0.23913685483700658 -1.3844563205962073 0.16877963977534172 0.9969693623079088 -0.2664846378703708 -0.017096809274966 0.7589131572323224 1.038036721461719 0.0557796239450913 0.09337007012872378 -0.26610659347977145 0.17040817072219225 
0.39424445162058624 -1.0806778212613644 0.1899088526379138 0.4401424404260017 0.06076245217331856 -0.5715385120533951 0.06930901207106525 0.0558280743769672 -1.5071052399448697 0.12029609104244153 0.6322779343097665 0.13978423699005002 0.6691488077799782 0.1092180979765791 0.1253996233754081 -1.2852004319462917 -1.771313587488714 0.26565441875557977 0.600902941710474 0.21040064486012147 -0.3924185344399134 -2.5638163827168863 0.3131408953499179 1.5332571657228573 -0.4126198638557025 0.19910011463802849 1.7589665750229526 0.9618922608931268 0.1864370892257778 0.25481732575450283 -0.49471304225973306 0.676869296559818 
0.09939453243195466 -0.35841096584768317 0.2198811688381004 0.24686966240508115 0.11283860685200398 -0.04423128639781222 0.018022305873247123 0.1491754396215393 -0.8259679803071067 0.04782548507641395 0.09656757482831944 0.02975838809047457 0.1463736116835238 0.0855074506088236 0.18589144817570297 -0.48572653166551505 -0.998079546564763 0.12678838920409963 0.2657562025920312 0.23841226965496998 -0.14761677627715278 -1.1339873934037996 -0.009843783772805878 0.6335836212785482 -0.12142711234159391 0.06859278932640761 0.5240236745442881 0.7855015409815218 0.09116840508003587 0.07736589980849644 -0.03346396692538614 0.09326723248740569 
0.003941481083151589 -0.06394210076606929 -0.09528261565051414 0.11087695381219252 -0.10265589891314962 -0.14040112524163 -0.08908403737082415 0.08760270028201612 -0.3369021849189443 0.08864034629191539 0.20157103532531204 -0.039003088965713285 -0.05577630824424934 0.08573106174004635 0.11153429803399363 -0.27785597339710955 -0.4452166204502577 0.03531526763474837 -0.053290010174214766 -0.08703458575471569 -0.030797833986941248 -0.28007213930830716 -0.0935777392356565 0.22702554886256981 0.1030012382774057 -0.03283707398783462 0.24942467677246843 0.3136124723076922 -0.05823693323801001 0.12138832615911349 0.09459589564459885 -0.09726709206427477 
1.1080590807641681 -0.5650918493511808 0.3948647749430737 0.3322497621401232 0.15609129313042025 -0.47419870166105543 -0.0014280955211324721 0.23242382444101992 -0.9221767712595876 -0.07174416021647845 2.658501850388603 0.5386417592136016 0.5625992341871551 0.16847343492981023 0.7958698516389223 -2.9927972647263 -1.5400216437014238 0.5283166156392003 1.3222621021205772 0.33107329341248126 -0.41900064517896307 -2.0493551647063804 0.5580987790427046 0.49754123187552673 -0.23423369564088664 0.9191325243559285 2.9925969853089565 1.2876612824208047 0.0006022393525301254 0.6094427209177057 -0.6162298688642118 0.6196292625938549 
0.07555098416165733 -0.36436867496035813 -0.0657271009750571 0.1455588252317582 -0.00824875687102511 -0.3776230299191086 0.13768084697626998 -0.052747251414636424 -0.8421475039807866 0.019828306052902124 -0.6332603239209093 -0.1727110671482153 0.30565960374635825 -0.021230956291816434 -0.02891733617556196 -0.6724163098663215 -1.479653426662509 0.06273249613670859 -0.00023377738503977923 0.06149643528827089 -0.17968560846001985 -1.069947981995852 -0.054112716906259795 1.1750061307249577 -0.3419808032506013 -0.014659333218534073 0.023722516389677935 0.7362153495850537 0.1723613909576953 -0.07544268299849347 -0.4161301259293368 0.10362185700049543 
0.17639430764968045 -0.5422941564028636 0.13243111158699525 0.17863127340973467 0.017674862996522354 -0.3381391904830687 0.14078710353297513 0.11244369652478696 -1.1177919684079565 0.02300256173686382 0.4923709861735936 0.13318139534691845 0.2582224857533299 0.08877942561408932 0.24820661388727644 -0.8783187643882613 -1.0361038316237159 0.20327613839436728 0.32892474428506424 0.153683507634677 -0.06592144456918042 -1.5145071547366509 -0.014780690102089216 0.6651155016376863 -0.2983399249746071 0.1696051315543519 1.0734567964998016 1.092293022511119 0.14940632506903645 0.1867042729287031 -0.25643716275328265 0.21512685053549144 
0.0968264370967488 -0.040667141432655644 0.04126471395652448 0.011159826154450053 -0.041921179761450725 -0.20245113688612518 -0.1096253215452111 0.08418330356062007 -0.29503783755939644 -0.09325947776720314 0.031534416635125545 -0.11885476033188692 -0.10955926765986329 -0.085687545480169 -0.05747057902020913 -0.14827124766789218 -0.2332624302344624 -0.07011646900960528 -0.0005473208450837646 -0.0999083715910085 -0.08675170386504132 -0.34830429801863705 -0.11228511944679588 0.32890322323139465 0.02617798748838214 -0.007178103334716014 0.03143173079439186 0.34188017111848606 0.05853838997316153 -0.12479147824030797 0.0114278069511784 0.0004020042425695008 
-0.09429128642030651 -0.34121151386320275 0.022954078243600323 0.002347087285981715 0.017902482001382666 -0.2372759468928495 -0.06763448621546658 0.09561131165924552 -0.6135484489499876 -0.036222620817110085 0.10895441332418088 -0.06617808717643553 0.0606617312568072 -0.06890312039080894 0.04597271588699228 -0.2958885285610585 -0.6107679748989193 -0.06710695601399935 -0.018586364042215475 0.14442896068234504 -0.06985184287285884 -0.6093101553181368 0.08105036800773864 0.7073436421219583 -0.25990578582219764 -0.12252365059178098 0.1421455194622171 0.8838857830517554 0.09281023392113785 -0.1065031422893737 -0.2495642970147312 -0.0793199966897069 
-0.011258691816430315 0.060375998673706056 0.22109798540471368 0.12855358931567143 0.1554002324860342 -0.21783803171881772 0.05901525754609273 0.14455957204266193 -2.2271726299820993 0.009073339853193547 -0.6583367277197874 -0.14912299247388558 0.7730056744773894 0.15383824581187366 -0.10556314953030325 -0.5811293058928177 -1.582799436960455 0.34462794901313343 0.20626739608244427 0.18881851897445281 -0.38208502674873485 -3.1048851525156818 0.07365758364459576 1.159820380390211 -0.4838266102244538 -0.15833022274891262 0.28478997608581824 2.3493680094487486 0.11382024335596998 -0.04046956357979501 -0.11327342617844786 1.134597691270237 
0.24165669497254727 -0.7982166820239248 0.17270454108115224 0.4695413684407352 0.09219917747396245 -0.005427426553948576 0.09723179128332972 -0.07620840392947792 -1.4497094481040342 0.10247420646264263 -0.22704945999563678 0.2938094830143772 -0.09217074359584275 0.14136088736485922 0.32721275735344274 -4.001827622427655 -4.663475210614359 -0.06522093782383848 -0.014543062038591676 0.24181855229856314 0.6505359325303479 -0.1297144523575038 0.18870809767846436 2.3278170837805385 0.3660086946593326 0.42201559493661817 1.206086264613545 1.173821241354405 0.046075916235780695 0.21305831662895677 0.05703233875353869 -0.44317192303331493 
0.5666271459063478 -0.7982708257923917 0.09920371823508892 0.48197903976850326 0.18406641360043124 -0.6802720378133862 0.12657161799019445 0.08848134666717582 -1.1652834794129683 -0.05021764869789719 1.189426625543814 0.24507871018606064 0.5581810987050007 0.07633274007126113 0.4056565127773426 -1.7453094818021047 -1.3804199000759085 0.3574163162291179 0.7746541478963155 0.11470222687382779 -0.21881025958720607 -2.396305470206977 0.1195460197659817 1.141442382966149 -0.25938897163200836 0.4033602429606713 1.9531492353162163 1.3553272600929456 0.24224043909323684 0.18225747412266521 -0.6217205520805523 0.5016299108019975 
0.1491750030093266 -0.5104794647866933 0.153017071657974 0.12180476650631548 0.010857547184428783 -0.23585339977482916 0.04053839334628123 0.0648800208437426 -1.0178859487554204 0.17750063905541605 -0.5917800690757844 -0.18040382821887357 0.599785552920719 0.16615439387719924 0.04732645565142853 -0.8339681840619673 -1.9284259119523999 0.2901714141987791 0.028135490968928208 0.19005130775489648 -0.38754613822642153 -1.8367866389680378 0.04876186047705876 1.5655241208015054 -0.4605240583082723 0.034286278971990235 0.6386222259469347 1.1116809739664408 0.13552749215950366 0.03805374964668757 -0.18138772704795258 0.4433580948156314 
0.0978717187428061 0.061133683620763594 -0.1080630457814853 0.06563013186128634 0.07199081755390487 -0.06262783957758151 0.01883337493288448 0.037887381617944214 -0.13026994786444202 -0.04814718524567766 0.09710933963285373 -0.06263388402033411 0.062399284953104185 -0.1155281383070625 -0.09443866575570375 -0.15475576473502095 -0.018385980759467874 -0.02666436775717369 0.022034635149358082 -0.06493275812716713 -0.08804403026937449 -0.14608286759100006 -0.10220571934765886 -0.00932016547011355 0.06848757048672408 -0.03809781307533798 -0.10023349209798513 0.0928488333745444 -0.07535418007346395 0.022771726323252046 -0.043507369584675756 -0.0887647174214363 
0.18356715091987388 -0.6898335751724437 0.11904260687036447 0.16562666769234838 0.10695236993020471 -0.35266800870106435 0.11602975018907521 0.15820219172721853 -1.3932572570719937 0.03514524871917538 -0.44502928684438153 -0.09922959767238165 0.6375691806393948 0.26270953239806394 -0.05043240443535721 -0.764274721531441 -1.7636120709277154 0.15780538030199862 0.2613854611523218 0.1410178774781238 -0.4581701961898458 -2.0824343165964474 0.10159847943767386 1.4443143327273205 -0.4000718479477567 -0.1150339579233108 0.6697230765719946 0.8866770428581511 0.10573888460712831 -0.07917444864892784 -0.2835473669437361 0.628324867137524 
-0.11237319882990304 -0.13841708476317582 -0.06285597850752338 -0.01722472805746585 -0.08907760009940009 0.04037015823163082 -0.000578708136116181 -0.07745903299152586 -0.20502525321554066 0.09122832860273784 0.1709959969101976 -0.007405088985652872 -0.12382655765217873 0.0932890036315881 0.01811851662400229 -0.24037127309297504 -0.2577873425365719 -0.016747320696694976 0.12081227219517866 0.06778790127878373 0.009442885166674991 -0.22217400384421201 -0.1394867160451053 0.015760760727626902 0.028272262173888056 -0.0075526314158332435 -0.07153704604601824 0.042019180945171715 -0.04586808095102268 -0.13639495453277062 -0.041454816504294945 -0.10307979629987776 
-0.08278896546003367 -0.30445538027282504 0.035715476624752454 0.26047845818365684 0.0011630680990182642 -0.13455730217003758 0.14000811525270682 -0.011180995578938795 -1.1954625350660988 0.14320603807831714 -0.47451227887949327 -0.18289277065347742 0.5944534408159827 0.09458417263515294 -0.040861102342518114 -0.7006740651027158 -1.3395489436853176 0.23374522756373659 0.11786982695926153 0.07810703285719459 -0.34458330671640314 -1.7243306491798813 -0.07491829171553062 1.2566048822118048 -0.46384571703969796 -0.08025142019935604 0.48554520025241776 1.2024557609075666 0.1420990159230911 -0.020689278395677278 -0.15464400977240808 0.504120785503852 
1.575889865906756 -2.548712204956529 0.3366532283295056 0.7601758131754979 0.19434800310782396 -1.0196440930847261 0.27707983732244107 0.1879548790322208 -1.0592623700856936 0.0018110825370872812 6.4807544300244855 0.6459469509170431 0.2274435709427416 0.4159566633457723 0.9770473051821373 -4.907124239094237 -0.6426898133918147 0.5677419331273938 1.7760789686897305 0.3882369690436935 -0.03301574674112323 -3.138746338243463 0.7167153110547714 0.8270685313229786 0.09781064360855664 1.374577302552111 4.153867581458691 2.9846610308273447 0.14425450786101304 0.8318355988615126 -0.8695488297153724 1.4520796238495166 
0.10680925290586034 -2.0685739077907623 0.09507651557427078 0.47779239366170817 0.29541246888121975 -0.47628341920365197 0.2579355225801893 0.0835765574434093 -0.8385785573204665 0.07078612906206319 -1.5844110049765694 -0.28482696339147 0.7022550753669499 0.32340018209022264 -0.20944373497876684 -0.5077712692556086 -1.9153099276601144 0.07343649417562147 0.11292600728147847 0.13785139580289357 -0.32446678781326843 -1.4738096141684958 -0.005840961481598855 2.3517389210231534 -0.746864021562725 -0.0060493163544542514 -0.2530359092968822 0.02679668554225912 0.3787694673487399 -0.34024481866574274 -0.4858933590721293 0.1434914115149941 
0.004056572248648221 -0.39029066875742746 -0.032612140087431 -0.019304972544008547 0.07106058721205859 -0.2765576032978217 -0.010320339932707291 0.12776639167553916 -0.9870834590742479 -0.05568238900980224 -0.35607507000999233 -0.11759761256786236 0.1619091201056384 0.05151857778852349 -0.17819087174553144 -0.4466050851694633 -1.0907588335320253 0.07504314027869231 -0.1620668774118709 -0.10988241625456474 -0.27931067123551184 -1.025308289833524 -0.09315294485981894 0.9582672246569287 -0.3487954995929419 -0.03761327611592679 0.0363420131568359 0.6120118485004328 -0.002066854586768812 -0.04975331468462763 -0.26607361200605373 0.0665913184093016 

0.6882531112472852 
1.0931945834648973 
-1.8575532863936883 
0.3586813511506978 
0.8721849732026647 
2.0253667487330826 
1.1604345348290692 
-0.9647235109511422 
-0.37582992751755556 
1.521879269074188 
-1.1268670584766574 
0.3397106451789471 
-0.1855781335497992 
0.9858970839356063 
-0.5214619377682261 
-1.1605581941151124 
-0.5836370820593895 
1.1049626283955862 
-0.1856482356411746 
-1.2078054018080828 
-0.08436536410567712 
1.3073694327926353 
1.7987968570309512 
0.27422361276528084 
1.0417277889209156 
-2.2618132819922603 
1.3700885867788062 
-1.1646218623754783 
0.8978848323630862 
0.17326146477832632 
2.328580397372302 
1.0566740844040214 
Sigmoid
-0.5491737776948159 -0.7343902879346071 -0.05242454555161045 -0.3264914666939815 -0.4502061432483974 -0.8317453828163431 -0.5171717970308761 -0.2800283591525996 -0.2994008738655229 -0.6227963458604289 -0.347776476319079 -0.4102502015473121 -0.4729309020791435 -0.762300680323182 -0.31015676073813214 -0.17882889520632894 -0.9933632267624396 -0.598538731178489 -0.5501601624785174 -0.1336350468852784 -0.3843068406031412 -0.7016026827424505 -1.0956770122913273 -0.8249684765701674 -0.544024550466967 -0.06993318086023613 -0.6673458162256232 0.00025017085393319984 -0.5599019042051484 -1.4693585371217461 -0.7298799257784698 -0.30075697087495407 
-0.3268354913378931 -0.1504091088980579 -0.009985666993782477 -0.2622738741883262 -0.14284383068949746 -0.041680763738251185 -0.13039045257811044 -0.20451217384319662 -0.1835692692097392 0.012061505854145454 -0.1464010736053185 -0.12765312973776963 -0.1021847343938626 -0.1776053175189904 -0.07740476005045409 -0.04781775066754284 -0.2746500346830061 -0.23304479684352103 -0.10696997040974005 -0.05868672763722242 -0.2863216525830754 -0.3794619427958289 -0.23428956819411867 -0.24568905120806986 -0.18179332195291364 0.020557735651938976 -0.15363855347688232 -0.010032247106815696 -0.19363947816226632 -0.28042733685484683 -0.007016024178583394 -0.300685070300873 
-0.4569372836412911 -0.49263193838155617 -0.17280858770014704 -0.381574161175811 -0.3893664618409813 -0.7163716755950881 -0.6518146608983555 -0.3466318216817629 -0.38011146252774014 -0.6060772329669007 -0.29196699918036706 -0.44461920002733124 -0.3338976125842013 -0.573426164365597 -0.2942973260425997 -0.27359954327294006 -0.8481775656526658 -0.49217052711780285 -0.5165929014775634 -0.12796092181250532 -0.3251921654731509 -0.6635241078390826 -1.0525970777023606 -0.6554517340525718 -0.49483192685684846 0.0008585274012201233 -0.4140297727128747 -0.18943025562323226 -0.4794097327259204 -1.0694213744334178 -0.6859569985649198 -0.35457485896317387 
-0.31235612788965117 -0.07745455383543916 0.006511241318893146 -0.2215905411621821 -0.22335479223206467 -0.17735984626438922 -0.240816624047743 -0.23546067465932796 -0.14558007278784568 -0.19355274280131735 -0.043695189734197594 -0.3474724468312072 -0.10781832125534559 -0.3726712956744554 -0.2534944401934453 -0.15155990781504222 -0.31332768224071683 -0.1973452080740001 -0.23139671056955938 -0.07996073439445635 -0.2766878686103161 -0.2722454755801637 -0.3122481607324234 -0.28835779232789477 -0.25123730716960646 -0.06724225365981569 -0.1918394483536315 -0.06137858929161634 -0.39095339827582337 -0.27507240676824524 -0.2534099360469637 -0.17632365219267696 
-0.37484656779199393 -0.5088444958368913 -0.2217094519935486 -0.3198228567460708 -0.35708940218985447 -0.37208048685685874 -0.48613869004084764 -0.1380921139415461 -0.393793090408332 -0.294304642144843 -0.1266245941167544 -0.4547651014425478 -0.20186195596608825 -0.44318038460893544 -0.3480398057105721 -0.11124841239604051 -0.4977612752150638 -0.2922263315007919 -0.3202570397433638 -0.2130722330197489 -0.23364943701414964 -0.3745721470585654 -0.6700862005397646 -0.4598840837502745 -0.35682482175329305 -0.027848539587166186 -0.5004911986678361 -0.01469707751843623 -0.4200218860871554 -0.7040975313010464 -0.6253530090428387 -0.2801962820708669 
-0.5155270841700436 -0.48386304795438556 -0.051915241593307744 -0.4631252898092243 -0.517763877647397 -0.7475122406077679 -0.44435142378431447 -0.2487844393106083 -0.4586506281255122 -0.5881037495339497 -0.27950368435936684 -0.34625055292528717 -0.41076061684915854 -0.7201579493194801 -0.3886665909599667 -0.2678175945527683 -0.7822819438160165 -0.3402058739737334 -0.5074397950590441 -0.1457684116516023 -0.16809139550716576 -0.6652859706847692 -0.8407685276056173 -0.5983826728953245 -0.553904717298993 0.04287714051523789 -0.4181230194850998 -0.03875694827073048 -0.5226410128583007 -1.118118498615421 -0.7272056740614117 -0.2899948285970251 
-0.11036164237303736 0.15334110654303468 -0.17439456123944916 -0.38166026669877606 -0.2366511905124369 -0.0452954487640483 -0.22638912747533685 -0.07759223738957972 -0.12464758209915855 -0.10116889899614431 0.04146116848095219 -0.3010515053749341 -0.24238173393619575 -0.10927292439215078 -0.11058133209048089 -0.08161275766358138 -0.3406498076214866 -0.22388318185058367 -0.29594738543473004 -0.033455629195226884 -0.1365740584536165 -0.27787190415937274 -0.37221846899861577 -0.2231494259479302 -0.22208123981250188 -0.13802726013000716 -0.2312997383786702 -0.02239617895042315 -0.16784049549127897 -0.09291670013635667 0.0019512535999207249 -0.26374849991402666 
-0.5322028476537839 -0.5241739726932887 -0.13487703542826252 -0.5226699637390944 -0.4305510306006364 -0.6462042785342024 -0.48752554960485434 -0.13314246623882747 -0.27686457621353455 -0.5796474223859045 -0.33174091437425185 -0.39323387439828456 -0.3444316961311746 -0.6604917619528752 -0.29540823583780806 -0.1576017356817097 -0.7387246200979115 -0.38198983738651343 -0.507003196853958 -0.09444301415164601 -0.19054978454057375 -0.6126588493132851 -1.0025156868851939 -0.6296496961508073 -0.5811967093320709 -0.15962515962714038 -0.5322744710377515 -0.20164708567505177 -0.37824856994795564 -0.9945034803982625 -0.6546997150771668 -0.4390426435069854 
-0.3818000139185896 -0.4516187668476103 -0.15426030272038285 -0.36806747301703757 -0.48329666150671846 -0.4051144124330687 -0.3800631267958563 -0.27994582636685844 -0.165577173588851 -0.3129764701620368 -0.242064255187577 -0.29303825093868424 -0.364926385695516 -0.324632194396258 -0.35920596950684774 -0.09310396407018143 -0.5333049124681741 -0.39193129491198325 -0.3681344345239583 -0.11852075396369725 -0.20351658756961724 -0.40272397716903774 -0.6088463863514613 -0.5391436235846582 -0.40168006067145995 0.008166689792241003 -0.510849078508712 -0.071003757847068 -0.3475428748050147 -0.6557974399914694 -0.4292883435622436 -0.17174652946931737 
-0.4963854975372631 -0.5268094198978439 -0.12497509602218504 -0.4245715941767498 -0.5206326134038147 -0.6104218430414893 -0.5492001414151091 -0.15548870355554892 -0.4473277386166078 -0.4047900395207314 -0.2765775688736186 -0.5086793884483088 -0.42377789169131946 -0.6186535485014092 -0.4014934857004945 -0.1969004283761411 -0.6770464496848503 -0.4311019667006532 -0.34996695093618185 -0.15994302535680707 -0.2662158391355682 -0.512841515896797 -0.8114062842463493 -0.5072615922837539 -0.4924751780454573 0.004747910238017902 -0.4664855202433606 -0.2108885166368744 -0.35781319432503733 -1.0320861352874688 -0.6025233782801269 -0.3638694359338713 
-0.21707950598702228 -0.3375950940652119 -0.209981560729104 -0.17780945420532593 -0.2716619317234644 -0.3488500016964867 -0.23251734201667573 -0.22662064156555164 -0.2233720294335322 -0.4035385651306111 -0.16706599145019074 -0.40617336172732293 -0.36619884496030647 -0.46644320470140005 -0.12625249072795783 0.001222299996345812 -0.39422517635118065 -0.2455335867301979 -0.29178255303554884 -0.10793492030829714 -0.21513188409804146 -0.2980428481388786 -0.3276203875079019 -0.3815981303400176 -0.4256143156534663 -0.07169355861573211 -0.3614338780274034 -0.1068398341808666 -0.3119957607124523 -0.5555757932166971 -0.5134630657503232 -0.21723457573093818 
-0.28943316250240003 -0.4862993093597025 -0.09488503886798798 -0.39467635506702337 -0.5048494083397888 -0.46578908576893957 -0.5429352476247957 -0.2131088371706372 -0.37450846098945234 -0.4394245263428534 -0.11234266693567392 -0.46592132054756363 -0.3652829267496998 -0.5788755790389202 -0.3828686881824099 -0.15356788908517052 -0.3925597043222011 -0.23282382191024228 -0.3848043292509731 -0.1213947368459613 -0.2820969957747535 -0.3145662167872027 -0.6204821672921291 -0.34948882715137713 -0.27617486633375393 -0.07613772645335423 -0.42633594262558194 -0.13056306912140714 -0.2728344031664725 -0.533700558925988 -0.5949226173297343 -0.3236698729762618 
-0.3709888819529128 -0.3290621974724358 -0.18889731529129541 -0.4094966323173683 -0.24245908903138264 -0.4503748941912891 -0.29180020886584246 -0.22166560641742938 -0.151152069634229 -0.3202034120073785 -0.2049379600190043 -0.3216463463425723 -0.20713553388549524 -0.297894181658769 -0.144604464260949 -0.17698497346389175 -0.42658770735091556 -0.4079617835703227 -0.25623410641998046 -0.019027598572849254 -0.20020852789415827 -0.2541841837955311 -0.44488537795036676 -0.3849233135798586 -0.2717509860888531 -0.1093178629531501 -0.27363819539725615 -0.14416474255968947 -0.39454684789096867 -0.49713907574452076 -0.4454193484031149 -0.37510749278130895 
-0.4934912726380208 -0.45143699821823724 -0.023620405927406392 -0.26315285841294667 -0.41100806273459783 -0.6019043721668513 -0.5265705668077333 -0.15927402760562773 -0.3332186267048133 -0.3650957205837039 -0.26517663861623914 -0.4067868469555553 -0.28704825957913016 -0.5534481787370166 -0.2100312879552972 -0.06307441595986289 -0.6245563355512086 -0.4188092253758638 -0.469462686692958 -0.0856655988934083 -0.31391434368745424 -0.5447439939058418 -0.5263941151305779 -0.47112389724573794 -0.4440424238726948 -0.05103289038445758 -0.39865108094674334 -0.04512324000024624 -0.3072810679931837 -0.8151632216777241 -0.4930071636060587 -0.4131826201173409 
-0.47269029731175105 -0.47652470674890074 -0.09372573600151167 -0.5187900219818955 -0.4149166127103886 -0.7306519638861159 -0.5995114690294397 -0.2821782097850218 -0.47707328438456803 -0.5462690368933603 -0.23541282263596497 -0.4730635358688096 -0.3654409157393273 -0.7567667660371165 -0.26041803595385604 -0.14306434816563504 -0.9745300335676456 -0.5924820834253669 -0.3424781419131473 -0.10611912028878791 -0.2703938815474394 -0.6284869429078489 -1.12980486748876 -0.5821314817531298 -0.4548007327719003 -0.01923090020972851 -0.6683275050210173 -0.19257242395248997 -0.5947423237486401 -1.3191841850629937 -0.8202191437124948 -0.41644956487420964 
0.16525285370397963 1.039909115367094 -0.04869814160340892 -0.173364345476343 0.035932860973970346 0.12439789632543444 -0.020116700987903326 -0.27904310034549223 0.18029345100977384 0.3839582963949277 0.08648238271012075 -0.24762217959386262 -0.03605532296881873 0.17018265640726943 0.05828927893454355 -0.19226387195476344 -0.23072670140628124 0.05095452746415033 0.20039029276209594 -0.1258076109935968 -0.03417855983549675 -0.2624338633269738 -0.7345498228019899 0.20471745759088475 -0.273774340996676 0.1228944566003522 0.10191934734717056 -0.0264980333392954 -0.10465851805486678 0.3619131483740729 0.38780809768331204 -0.03793245016198433 
-0.49004121855676025 -0.6661383025083865 -0.0494032451167619 -0.3488176670111637 -0.5965759241257633 -0.8543423951432806 -0.5812181696883594 -0.16891418187050158 -0.3162864642000606 -0.6449489925039428 -0.19003744451572044 -0.597297725745021 -0.2803177380834377 -0.8526300275735482 -0.4350504149424096 0.004161683136439521 -1.1882777421527357 -0.6554076455393063 -0.45018814469903423 -0.06441123430223065 -0.3401490899142185 -0.7932377235405 -1.478766086731585 -0.8522842734253114 -0.7032726587319867 -0.08221593544490385 -0.6652322319787846 -0.03327900548609576 -0.4426498481232852 -1.7998665646205212 -1.103390512538667 -0.5011659559099002 
-0.3614030890541586 -0.2313100554800989 -0.06546627495222775 -0.3979717831487336 -0.3369901533899352 -0.20565957962171974 -0.36630560529350153 -0.30063428852277346 -0.2152990905071268 -0.13722806904064197 -0.058662023137086974 -0.14629513748530507 -0.2122865277568805 -0.2358844669767659 -0.17087897269677665 -0.0101084574020965 -0.2839105371403778 -0.1627647815408848 -0.1475698795322216 -0.14963507395013453 -0.08701957591931545 -0.29577497833565886 -0.27200987373952973 -0.29725001143817487 -0.25227411673507083 -0.130774621578921 -0.1977444200325732 -0.04687304710948443 -0.26217194697306345 -0.28059444781458953 -0.33771082211250514 -0.28521548515756234 
-0.5141246596433648 -0.6708723426600516 -0.21198340345839695 -0.4536210257679638 -0.4706094274355252 -0.86951119075402 -0.6178151330403703 -0.11643738797886749 -0.3676751907826593 -0.7429393987876247 -0.2711521381737291 -0.4995138740676219 -0.4006643548397254 -0.8612056680402773 -0.3500700868008231 -0.2613049537107218 -1.1289540935476885 -0.5144037825289041 -0.5290354734519183 -0.09723569028171081 -0.2929077548839759 -0.6697482771081168 -1.4954761450120786 -0.8506853811794048 -0.6514432626454286 -0.036189807630208376 -0.5921057034319069 0.03084584863931809 -0.5607258167130477 -1.5868438559871525 -0.9870479468246875 -0.5286518910654426 
-0.13629408957168607 0.1394342851056826 0.0079946706793963 -0.30821738872529786 -0.286350781581772 -0.11245840453784055 -0.06654431846652845 -0.14904375304780337 -0.18258854424771837 -0.03257593622789583 -0.14397755720980293 -0.28428634737512815 -0.2478120052008753 -0.2980497851737511 -0.22334781214909724 -0.01685995266472475 -0.1647019210938719 -0.2185786233688087 -0.17753652760552566 -0.12042074828401451 -0.032792150217896124 -0.21138355646855406 -0.29469766274139375 -0.16867838647553238 -0.17812628215246198 -0.048398503435228155 -0.11385586563180453 -0.06897104688189257 -0.2503549891513671 -0.15874555329854412 -0.06726998706601568 -0.09015393205149533 
-0.31310673227335345 -0.29871890852611255 -0.09959478270641624 -0.24815944471195062 -0.3653191718819436 -0.3137561531278639 -0.505250568643667 -0.2984411890186887 -0.36100989747367696 -0.35052180564666874 -0.11296248465489071 -0.4169628527561475 -0.36801579902433684 -0.4977052011932655 -0.32023737645172784 -0.1420509942625684 -0.40298292872206687 -0.3904093444048844 -0.2356290063255677 -0.1350820474237427 -0.27740152358065784 -0.3469763156604529 -0.37848982025320316 -0.3838184623159479 -0.34707852785673626 -0.009195264995900006 -0.30016686328402487 -0.1377417950446458 -0.4509384297832031 -0.6147861614015171 -0.48021312343037426 -0.18542106859875737 
-0.21466317379086974 -0.033802875715061347 -0.13104661904699974 -0.15053817582091225 -0.09835288566672105 0.004747438940082921 -0.22441946224918427 -0.1738005539643598 -0.07319342928188846 -0.05627161848697535 -0.12097256744812203 -0.09426639132183112 -0.2403725022526366 -0.11886657363663726 -0.0910315110682961 -0.1705318461337583 -0.21558609101981507 -0.22612349583179986 -0.04154839701080439 -0.11573050921177357 -0.215850308377861 -0.3754960747472737 -0.22953870760743061 -0.06763136221548503 -0.22904761647073013 -0.01482663111539653 -0.060294910328815024 0.020649360923832325 -0.1796269818013585 -0.17468685422280528 0.018212475047833566 -0.18894495976096587 
-0.4446141711633076 -0.6912659790650816 -0.22848569994638768 -0.5241411743732418 -0.5225546555340432 -0.8630505645180031 -0.7426047519694536 -0.1025407467880784 -0.47109103042324696 -0.5909741753399915 -0.16284330512589476 -0.6228493956714288 -0.5093365695782784 -0.7103072161673627 -0.37554540312405726 -0.038970762341172076 -0.9416263035835571 -0.5809417950914969 -0.596489535243451 -0.028940893307148326 -0.3268894187535066 -0.7005272410994836 -1.4533597312532365 -0.8493531029697218 -0.4904135319541272 -0.09680230300847636 -0.6806157735774123 0.003061714361917607 -0.5443724977132752 -1.5034019077117082 -0.8270405162351382 -0.4448097813179305 
-0.2662603821073432 -0.3282584953891315 -0.08652506255032122 -0.2885954442773873 -0.314934535627901 -0.350495254756712 -0.32777868824417344 -0.3031591201140647 -0.3285046007206352 -0.39428636453146937 -0.14498125245550564 -0.3336331278781152 -0.3903979292300114 -0.3653901546169826 -0.24389853558521013 -0.1759663799862051 -0.47707057009350395 -0.2667089613645197 -0.40777514579365 -0.22217056701375548 -0.30338775075239377 -0.4356377313488557 -0.3825030657106626 -0.4553000260167026 -0.36941025131692024 -0.11069923724943907 -0.4865268342719293 -0.11297721767114403 -0.24551900117062259 -0.40973036962734477 -0.4054903065498896 -0.1805922260110268 
-0.4081776289442507 -0.5386199989213025 -0.1951486019465302 -0.419719881317926 -0.5246037431562574 -0.5665868843030092 -0.45779961833603977 -0.1306026256533947 -0.4503929800792756 -0.6225698307038932 -0.28697032668947925 -0.48979381877627715 -0.4244590557786266 -0.6559290605299724 -0.4414888929857306 -0.1356873228004456 -0.7791369154274713 -0.5755090078185399 -0.4257172975532177 -0.1896266720145534 -0.24296166881134657 -0.5769299469396036 -1.0222653506836286 -0.6868693425772824 -0.5023657404120363 0.04858972602330742 -0.6344033230272167 0.0056672786071957065 -0.521455356961987 -1.1791724775088526 -0.7191596042667601 -0.3104282488752455 
-0.4439224555241789 -0.06541946031568543 0.08423318576679834 -0.04753472358068361 -0.3297927088283024 -1.8216781811175187 -0.8425816590751176 0.3841224548147293 0.1156012603427235 -1.275011735061301 -0.05402364908790205 -0.5755450338707585 -0.2169844837411365 -0.7710078058425539 -0.12241488685042254 0.12677681309584318 -1.8384141432470138 -0.2823606182423922 -0.19822890495370482 0.04229848163636855 0.19914574883407468 -1.4990673054013866 -1.6120615930337463 -0.6572796584813488 -0.6043286554379843 0.07942069867158566 -0.6205477250977495 0.22701287894991148 -0.5028763930763814 -3.7797016372932646 -0.683205540337917 -0.1192341193255192 
-0.43528243809225226 -0.4067313801375315 -0.01723999371226257 -0.446818503547059 -0.358788602360304 -0.3776978531517237 -0.3807370310215981 -0.321629157087462 -0.16546286565571813 -0.4620811761001871 -0.26174395500942144 -0.2517338707690173 -0.3199527301563419 -0.3563557691609942 -0.22405502678721864 -0.07239491031471745 -0.4341116025833168 -0.2795977384276137 -0.30469022237431903 -0.03383683970903655 -0.21986956552777948 -0.35690937884441654 -0.4894117105897558 -0.5599940241334321 -0.3316439743291308 -0.07012994403800082 -0.3207813302651058 -0.2308260835658316 -0.49275472069214143 -0.6252000368805886 -0.49072004200081276 -0.2651279355421584 
-0.15151050014196646 -0.0308548854174122 -0.13815732621312946 -0.3334644955061731 -0.36673904907218713 -0.20394386548813725 -0.3249623031864623 -0.1262653342467573 -0.2588442829147067 -0.14483270637487108 -0.021863899367675906 -0.23285455422670412 -0.19941159349615792 -0.25967409136377595 -0.2297109982330561 -0.2408010847191795 -0.241037148829538 -0.3101760881229039 -0.11512009998603827 -0.07541793947370197 -0.30703141164233183 -0.4537412933020604 -0.3531992684881021 -0.1628308581637268 -0.28668915870164496 -0.0710434098077562 -0.25075812169806716 -0.11444571558058719 -0.27317881960690915 -0.30312737343469404 -0.18625943445864226 -0.23080021704010142 
-0.34120117485019447 -0.08091119487380863 -0.09081642096158535 -0.3148086847168356 -0.3145002572235135 -0.20165776748124686 -0.24843960182578395 -0.2670969068655608 -0.20647671711248172 -0.30157427883431753 -0.1604871495176203 -0.3194471168129667 -0.2616155378024639 -0.2521769715360673 -0.28193652174881845 -0.10446410979327604 -0.42002610189385503 -0.1880863942015102 -0.11242145683835611 -0.024135804149163453 -0.07655924978742183 -0.3018589419736792 -0.31899382356067824 -0.2990079309106315 -0.14603856156277087 -0.10357930798673057 -0.16284254022798073 -0.09203546967919359 -0.1899532653206298 -0.2582379952773664 -0.2685831997663919 -0.2700893670896596 
-0.33903600240171355 -0.07612964632425656 0.02386887740008116 -0.34173417911424775 -0.24978529302247648 -0.07091564254516904 -0.2597653819050505 -0.0408359302401131 -0.27284163258343774 -0.16510003844866794 0.041449716760532294 -0.14255934799669467 -0.146748132331653 -0.26548065260441656 -0.16465879153552293 -0.08852632751266422 -0.28172576703837243 -0.2829609789510341 -0.29355659809279744 -0.1277936394091191 -0.2150182941845284 -0.28277275578209815 -0.19038961244050526 -0.3553983968942384 -0.20262515188049743 0.00011054578964242632 -0.32781985393265245 -0.11190980600062979 -0.29677063625471195 -0.3370935700427215 -0.0707956505700643 -0.14761965513915826 
-0.47939053082881083 -0.7199604433112063 -0.1928199378622313 -0.38272285747840695 -0.6282058029063479 -0.9563424609466966 -0.6214272867250765 -0.24017332173692035 -0.3254511168104112 -0.6306264396279861 -0.2677008890338942 -0.4739565300339696 -0.32717735474864423 -0.8348580604738185 -0.2619431052497932 -0.14646641068769492 -1.1951639887313121 -0.5044839802555122 -0.5911231938579511 -0.191319703997257 -0.39741031641757685 -0.7875433008085224 -1.3637910281676842 -0.7994433661805784 -0.5441281047104821 0.05778841517407525 -0.7503074620270628 -0.06841441811253769 -0.5100863905192446 -1.7135173977643932 -1.0312051148235333 -0.4405667243556411 
-0.5193479675681821 -0.7700272434100942 -0.01870958282290662 -0.4138630986436273 -0.49969627668417077 -0.8130545750568183 -0.7453865178161531 -0.08358084558798327 -0.3736907416014863 -0.7132755751493405 -0.16110964265879787 -0.6160436790468674 -0.3620977931268927 -0.7404551865228101 -0.40722306182156215 -0.09259474151282066 -1.037932318431037 -0.5296142572546748 -0.5921770749705715 -0.14794386928147776 -0.36438053260472536 -0.7516189993681934 -1.547435540320616 -0.7539080595220254 -0.7226974684269512 -0.00014830760469993664 -0.6620702702008914 -0.05198738631217495 -0.4766394205038895 -1.7569753295041608 -0.9256261864029929 -0.4638169995636999 

0.5847130121218879 
-1.4114258331441702 
0.11101216372714194 
-0.9679789093950582 
-0.6749543814942698 
-0.029404507921052692 
-1.3347947905395388 
-0.018276649263285028 
-0.7498167356966958 
-0.22204848166075206 
-0.8541940861967515 
-0.5487532449382935 
-0.7260888324577217 
-0.5674293943945262 
0.42890243739047246 
-1.6563376909860736 
1.3540331074977145 
-0.9777125659787874 
1.202717764316644 
-1.5930682151379063 
-0.8213565739263644 
-1.7459746946637777 
1.0243479993057918 
-0.7937418625153192 
0.11329271756660841 
3.221106778819547 
-0.7176927292322328 
-0.8316316522697611 
-1.0234853374584507 
-1.1073720686722128 
1.2262790010126665 
1.3189551978957168 
Sigmoid
1.2695402957889304 -0.6544364870423349 0.9002555736899281 -0.5870832462305127 0.1939360491810221 0.8379127047383269 -0.7573837290531005 0.7685883187125847 0.1345524519337233 0.652257296726889 -0.18115328021298907 0.05845296077323027 -0.22157609852835466 0.2885370956354819 1.1312705716106044 -1.083110220144157 1.6507471495722508 -0.5514145312482123 1.5626085909865468 -0.6130376040548318 -0.03281455880922035 -0.5354628578455343 1.4795588317964092 -0.1484753344439666 0.9412584021875529 2.330029415831789 0.006762678178282891 -0.7042752353698927 -0.507511150571575 -0.6379583602917545 1.5596763598209524 1.642006826990078 

-0.5659160281556121 
Linear
