1.594562067357774 9.331706266215964 
8.58237912424719 -3.7736383558645556 
-0.7174381037140093 6.181093358960906 
-2.013674252398277 -6.394337798524162 
-0.5681950928419165 1.4881551996816427 
9.341011894612993 1.3808894212514722 
5.542971335135713 0.3546779506806365 
1.3606098478996251 0.10235076952995087 
1.5014443191565396 0.35327268066740836 
4.822052533514884 -5.601939036804736 
2.531981779513633 2.694861799261428 
-1.354462337303348 -0.3503437031122918 
-0.09755591065822918 -2.1012833641303303 
3.7543713470698132 -0.9851405325286837 
1.5573757636917307 -1.8759981919341804 
-0.4876302116447442 -3.387234780558622 
4.3233444097283105 1.8051189090569049 
1.8529890196036938 0.5531847687817194 
-0.09646404504027012 2.588314886611686 
6.0547078052818515 -5.8364095000554 
5.160436926821734 0.0036338052381531846 
1.2553089869759984 0.4449503796015894 
7.321369118559819 3.453080641460354 
6.714945386129138 8.328648090835982 
8.064258797123076 2.19324406404615 
3.7233887503066496 3.4505511469990298 
0.6690664981215306 2.1655354368379305 
-0.7122858231384512 -3.057710581579742 
3.6443906756132023 0.6154790266775636 
-0.1525693882601718 1.8248499666551066 
4.016478014489782 -2.4986069943363094 
-1.125993517466943 6.3763175068200955 

-3.3128205907860337 
0.11296285058303561 
3.630452433086386 
-3.8267603434588713 
-2.4872007894794006 
9.478813117852491 
-6.711666538749078 
-1.423416960399987 
-1.6628032955518508 
1.7230756914047085 
-6.277153034622536 
-0.7599148662669543 
0.7948628013276995 
-5.035871157245662 
-2.2158746824215 
2.5463864268926875 
-6.172424779853242 
0.19765783460550657 
-3.274421396237433 
-3.4348787532042824 
-5.271974397459541 
-1.4950215250748864 
1.3303695860462135 
0.10941985934086623 
2.7339678348659575 
2.8106691018482413 
-1.6539452536256114 
0.6875037148509044 
-1.256495794656648 
-2.153958904322604 
1.8838237028171025 
0.4663337112273159 
Sigmoid
1.32708090442844 -0.25632200890670986 2.931585286096171 -2.438187332945836 0.7604256937494647 0.025351720503072127 -1.6844065409745392 -0.5132000806428182 -0.8439713871423534 -0.0573402206639543 0.20219364904509973 0.6115570942520212 -0.6583638165955197 -1.4650565660944352 -1.8104571301149845 -0.3652182338827558 -0.5707200201513439 -0.4758379340252897 0.45719936213276374 -0.8619087040542015 -1.5972213519944922 -0.29620699173254333 1.4210519447183 -0.1592003763671875 -0.32835077830919557 0.6812884920055552 0.2603912178460526 -0.8655475950585555 0.024044967299878203 0.4633655674244961 -0.23077624780064804 2.8168248884057707 
-0.38912230413286014 0.3875442447310546 -0.8177660804963028 -0.39173134678281407 -0.1584043318338144 -0.10584387900827111 0.13061637439634546 0.028947652052639997 -0.08031396113123747 -0.5011434767707258 -0.0066315692136272595 0.12085836050654791 -0.24515447454549813 0.05757357510384455 0.5536243399348155 -0.05205353879442856 -0.24627641661344915 -0.6913996727718352 0.300589360530435 0.22508074220746235 -0.6761059943455752 -0.038898075590763526 -0.24172131117345927 -0.5446079251181168 -0.41383682721809095 -1.2373213477829657 -0.09900555668271245 -0.43854704310428705 -0.6257825827824053 -0.20973368514389715 0.020754986425672903 -0.11535334594930625 
3.2535824901437302 2.020215539167261 2.6542861893638885 -5.468799631678432 0.6064623828081509 3.976324387116671 4.413956062716601 0.05727813359261949 0.34116147727765656 -3.6045484956762217 0.6945589401991746 -0.2954565525691244 -0.5416459983895793 2.680496983946041 0.396790909092043 -1.4444737819953348 2.40778376991791 -1.0737524681637107 1.6488238004875306 -5.8740888813689605 -1.233795421653492 0.04079869804359185 3.541493983754196 0.3200625488451825 1.0290462925964021 -0.48299644284203413 -0.21464721956160082 -0.9194154311966712 0.7718069958525396 0.1454428287163557 -1.8203941929907477 -1.9357225804135374 
2.7833453791680296 0.13659591717250588 -0.8337303908689834 0.20290498596890855 0.2146485727395503 -3.939007403078693 0.715039080120759 0.03854943925016604 0.27839089245471527 -0.008351934889359123 0.1519423236781903 -0.31853454266465725 -0.8527803557194872 0.7891604061400749 0.48745746964737274 -1.6109263213838867 0.34496515797620997 -0.2243892737640014 -0.1177367885887304 1.7122490589117731 1.68691957598964 -0.17519634329978814 -0.6261731275217672 2.175337027471106 -0.4401928804054606 -0.04513985879919335 -0.5200946619142185 -1.2249374310423986 0.9391520406569592 -0.028704879442015604 0.06091482210479086 0.9298306679793061 
-0.1599616568328962 -0.1012080440736105 0.10644515810848985 0.12725176831129584 -0.1367954902677663 0.01711126901140476 -0.2572361175088562 0.16103901047069902 0.14539514092911648 -0.058400338021447694 -0.2575850596142147 -0.24571326692158402 -0.5382453564152851 -0.5280502538209594 -0.5593453735949583 0.06574603393123983 0.15046093233002245 -0.060165585747455716 0.09105480754521664 0.29107106405817895 -0.3559256592494917 0.28555498960863007 0.2539720071397411 -0.24660391308868942 0.32936436849578227 -0.18965808419903113 0.34519374417874055 -0.3206863006650245 0.05060199712699909 -0.11189153780443648 -0.24009251473925772 -0.03836547416075168 
-0.05389433534927541 -0.19884866922040131 -0.341966712692438 -0.09696155651529267 -0.14740108251901218 0.19426690465866006 -0.07907129262328857 0.22554089754523082 -0.23603717535307225 -0.12304081738098918 0.07652880954562605 0.08403895025672851 -0.08848641927905922 0.20799222906653533 -0.1530964602490341 -0.006944773631713654 -0.23833912452656716 -0.1485631655340684 -0.018785605318517768 -0.23603515557208612 0.03775255238255518 -0.23437051979722065 -0.13937521140770845 0.19536162230079476 -0.12551964320781087 -0.058985817230278355 0.1935968465552821 -0.20245197622457703 -0.21582364621151048 -0.2937433760354075 -0.1899130280861561 -0.08137654801522029 
-1.7199588343272245 4.8784433284208175 -0.22862363374147315 -1.8109896363562095 -1.5365109383415665 -0.13859264796844567 -0.02020310855272367 0.11320748083360267 -0.6233669651026205 3.4765271166703977 -4.219076913293271 -0.027167355625539017 0.9912290206242665 -1.0611090057253811 0.39937841981720645 1.2407600534502046 0.7919000334339079 0.26544103952477216 -1.5332127629973782 -2.9895133243656224 1.8270779340347834 -0.3733340181533838 0.145157490597403 -2.6348441025863467 0.7521310545628626 -1.2163814197526288 -0.7856236325023361 0.15646439090317765 1.4773999428729305 -1.080181995763344 0.6581914122339521 -1.68835058859135 
-0.5226934957218794 1.4239368369918348 8.396694364457135e-05 -0.5907589484121564 0.171059586589158 0.5378484966649137 -0.2258855804013656 0.03125174358805049 -0.38031758443020847 -0.21296984526277354 -0.13059742224351462 0.13123043012750435 -0.10705865026840049 -0.6234499528363339 0.5749705823536058 -0.2672565383881875 -0.03688448948656532 -0.668513628249751 0.016003836213447222 -0.3387917778468841 -0.660857461824195 -0.37570798057336374 -0.30498696073710624 -0.3246182366663335 -0.31497311119131866 -0.9397770286269765 -0.15824471603210727 -0.11984167021980865 -0.275946190233297 -0.3025035580041954 -0.31317038927495905 -0.4185390838499845 
-0.2156414450039192 0.49657124178551765 0.04219240791804492 0.12303088712051932 0.13121421678276401 -0.21557798136396367 -0.061450342178211236 0.07795995572798989 -0.408705577791208 -0.8841280064132774 -1.0208804301268302 0.007727528179564412 -0.022420879241495672 -0.14105287595490218 0.3174482078951494 -0.32278988794952035 -0.38847155855226656 -0.32606638553063083 -0.05313947306301207 -0.5280882059580432 0.630060493969361 -0.17113560996872945 0.4634935149165223 -0.13139770633737982 0.575955716542522 -0.40663059168134674 -0.1665289241593004 -0.4683222896299151 0.3511962809169975 -0.3667528263267166 -0.08082724355816319 -0.09791020950848447 
2.7235831092337284 1.8300081928317495 -0.24351773512436292 0.049575443812480594 1.670534019844904 2.878731515216756 -0.6673153394477748 -0.5453596203862632 -0.9154767315104669 -1.0349599911091207 -0.3849618310829655 0.44140516021542775 -1.80151890393566 -0.7612950098531752 -0.5125497162361047 -2.5136965378033964 -0.6448929886949524 -1.1983514957321402 1.970804446931967 -1.3448643505376427 -1.9558625269661816 -0.772386845986982 0.27044528162967946 0.7274370415094287 0.14587167933971001 -1.6309459704249862 0.2577202739273571 -1.0716204656515564 -0.49366300287425585 0.8825296156490453 -1.380407007250641 -0.3532276674016504 
-0.2056345844779543 -0.2298730659689779 -0.08033555443506164 0.18427473420678583 -0.03845955218806016 -0.29810007701119473 -0.20022273250385175 0.13080235874515408 -0.09960432442355675 -0.3741132716762786 0.032324206688517765 -0.11673919163301262 -0.11167985591656884 -0.27308846382576635 0.2901715796921739 0.03423276135261404 0.04677910981555886 -0.029929990583529728 0.19302797500007937 -0.02325537146677979 -0.17724883597677632 0.12746995711207132 -0.05382454791146185 0.11470359429481405 -0.07602296407293441 -0.3587263872686981 -0.028576706121706635 -0.1900268833389712 -0.031374495182447455 -0.15447266589414735 -0.12234529337165768 -0.08877497904600329 
-0.6209807080700772 0.031398932180753236 -0.6534638596140335 -0.9817670443806799 -0.24018107441233427 -0.2966641996043366 -0.14498678522834707 -0.34476937586982104 -0.047523544184367814 -0.023989609909789832 -0.5586554283033942 0.40333700928542204 -0.05999416995392034 -0.03464891738857448 0.008285374685349036 -0.04715080773700358 -0.35678789490335616 -0.3438078670655806 -0.026124647819895475 -0.20735823177899548 0.03452214907116537 -0.3497287256029454 0.24459450277215392 0.4173256470713051 -0.3783039117358329 -0.4422306138025195 -0.42210119038396826 -0.4719519408311817 -0.3553593123266186 -0.31731930997627006 -0.24765769670784468 -0.6319407162674637 
-1.8446869928444054 -0.7564686331105227 -0.36082001047524426 -0.2491020818239697 -1.3336434120655773 -0.538960119504265 0.4107985014886928 0.49820873840608654 0.5294002219958043 1.6876029296909414 -0.13919900866472204 -0.23343123918371156 0.7844808583343479 0.6991224896990601 0.47401141977227856 1.1668336465004656 0.6670032431409731 0.8718137467533408 -1.4270163558895694 1.0496844625131845 1.4869357262448704 0.1873055052864278 0.6843064453517287 4.684260285319556 2.1656235252299414 1.0828529245813991 -1.037279525580357 -0.09962945616443837 1.5883891767195466 -1.2318314145801 1.3602809386629684 -0.2452186294218745 
-0.4277083071025211 0.5133622374952007 -1.3123800792706366 -0.5496585178057528 -0.011847378543055329 -3.106014927910127 -0.06035217776447099 0.0023637405080628947 -0.4588663720535353 -0.40352668129533015 -0.37194414982814306 1.026428776811709 0.13238408880678998 0.5979272553300494 1.472815643644109 -0.12743194526426932 -0.10676949682927263 -0.514097522465363 0.973916263937898 0.4980930320792538 1.6279421549780289 -0.38886617865958717 0.6399283422536012 0.4020695311667948 -0.339852162872233 -3.01128164814795 -0.45661087207517664 -0.27857949976734964 0.34168122336515594 0.48780195377734026 0.10531881310717088 -0.3497789431053583 
-0.9057361215969943 -0.11976493340728273 2.0384482439269167 -2.325737378473605 1.256036594502261 0.9102945361850255 -0.4480330553989622 -0.34461321293675873 0.029706441567997607 -5.606662592357499 -0.04188169688923615 0.25575076394058044 -1.1928642848612871 -0.05436874096808714 -0.8428635677718698 -1.6199220881346674 0.34927844924913576 0.15877671748504663 1.2001775254533984 -3.9702341122453837 0.8041600712383856 -0.1302384372237203 0.38821331543134807 2.284634309143038 -0.08973607639853423 0.8445289260453143 0.6070494273368133 -1.1338136087837811 0.8039332560368152 0.8706415994215424 -1.4162033526514244 4.132422033494692 
-1.548422105031863 0.32143659380169615 0.0028484316057283687 -2.355411901168906 -0.30533053843254937 -1.1989784389339533 0.8352926153754039 0.3021925478547735 0.5009330170410328 -0.8149921133188411 -0.22255971636119157 -0.7612022831793299 -0.3526740890816781 0.33549753187360204 -0.1280629464010352 0.34872918840831185 0.4876011001271678 0.5413454340832522 -0.11481379439228859 -0.5495835566190742 0.5882198687422383 0.24264555437179708 1.4647733646025083 0.18139578461586506 1.0119731310188478 0.018052709988222747 -0.31409706427635625 -0.7610210541624806 1.195704905537453 -0.042887255971044286 0.0688977165060621 0.11497675024308167 
-0.14978319255984407 0.23043080966989812 -0.053648255267207436 -0.11679112083285309 0.25934672039191675 -0.29180819639619354 -0.2027079013807272 0.19990168316719673 -0.1766686623691565 -0.2118616027098878 0.23938972528376212 -0.26900194149953544 -0.01870685998559829 -0.140124317591605 -0.2540792849909104 0.14042538456913503 -0.14866746831688718 -0.19469693120529716 -0.2386364484523994 -0.17397714930219857 -0.293427258927619 -0.30962854919511956 0.07211416287221156 -0.1705755403757076 0.1508074694941166 -0.0084098460648848 0.2965705060302482 0.2100755626932645 -0.06481682657592218 0.18408751900761242 0.1313632025589368 0.005542639351202923 
-1.3640856207271155 -0.6130491670615879 2.7559299173264202 -0.3902718384811453 -1.5110948324306672 1.5175674234458905 -2.7978483528557154 -0.731364998075581 -0.5360322945247464 -0.6341450789754078 -2.429960471663954 -0.12300713634677188 0.9328048552641104 -2.258450667606161 -0.3211832270633857 1.7178757861588043 -2.7587115273827822 -0.6354652112138834 -2.040310885482002 -3.0380548139404695 -4.5970528192323 -0.7466248797316637 -0.14230001940936524 1.5028631713099987 -1.7835025580705133 2.034127436997367 -0.22593627215375656 1.2647169881888445 -1.2126895670396216 -1.0315473703781348 0.03927770106787067 -1.0133559917049728 
-3.536402703597395 6.998061824172835 3.4991976459589864 -0.21821294644113398 -1.5857290039047678 1.5815413143210362 -5.145314361715389 -0.614510921665923 -1.1019965189454268 -3.464057170142812 -4.1406420556749275 -0.1429262486899991 0.3850205754939695 -3.6919991661767346 -0.08285751248906172 0.8527130751026459 -5.287845871501038 -0.944315378876919 -1.6537577934239902 -1.8240762513104785 1.328413141305769 -1.1151588224509228 3.6028270369898077 -0.7930569116663251 3.5036415567771644 1.9051883515699677 -1.2566528924695437 -0.5228144146640524 1.065618373634241 -1.2198951064534491 -2.2910209250850055 -4.372564985982181 
-0.001939809232780105 -0.05649806128962273 -0.07646897375597014 -0.33692902690765575 0.002788340633294545 0.06306016894632976 0.22768855624483766 -0.2484087300361121 -0.022192915551852946 -0.3223746406179528 0.17564391965428083 -0.17254876154389867 -0.23550121838871355 0.23396138158539934 0.02590983014819144 -0.15254110772391302 0.3090669384908493 -0.0986076144831259 0.1751213429531061 0.1346313358046325 -0.1912924241069491 -0.16514599051664702 -0.34150697824627224 0.13341463792922 -0.12075220007560752 -0.13970365855662556 -0.3549765460137657 -0.03346575538568563 0.2783305288510268 -0.06124830646970109 -0.1877345173237525 0.007120771566183576 
-1.581890706705929 0.3106026754715642 -1.086143691666325 -0.822440484881841 -0.5023719675074055 -0.31710701709098965 0.335329943524052 0.05702467361039209 0.002216167719948454 -0.3609550475738228 -0.7256980335907142 -0.060429580353494994 -0.3120905950064501 0.5135836276034443 0.7596294009882433 -0.06987300717829416 -0.005482281981794891 -0.36373075850896963 0.029421523721314475 0.2664355923617875 0.6654627547546493 -0.3742901458026593 0.10314474964209092 -0.30886242320444623 0.5008723541562293 -0.8114717297748384 0.0037312574967171015 -0.05005438657716224 0.2541466524283126 -0.4650170236799551 -0.4542492217521941 -0.6108639347774981 
0.09348808906266673 0.8898641771377584 -0.4567901347915641 -0.2434740256030431 -0.4125730340755925 1.203902093834474 -0.12873565078408813 -0.2848835443996926 -0.5005260674088522 -0.23340765950458675 0.04310944067033117 -0.10934113390037478 0.20072989664908508 -0.1587476033849301 0.06191789934363314 -0.09431973818590247 -0.5279051851633036 -0.19990540451868602 -0.489989274050513 -0.7543406621443349 -0.6351154136386683 -0.1408049051730675 -0.46247051647204873 -0.8754727308905874 0.002133579459218842 -0.8114195734051597 -0.05678372741294627 -0.23057185169923253 -0.22370698173501205 -0.38712874538142 -0.5367540678667535 -0.33064599195305955 
0.1055468094199501 0.15570558440303073 0.023682306972068533 0.22237041217776246 -0.30219579279475195 -0.35417714401053574 0.33311259485945727 -0.30632994139670455 0.265786033922897 -0.2129013159607532 0.501149630183691 -0.1555106889420729 -0.15912139614302767 0.1410111338038305 -0.020271847113906442 -0.24954435017063198 0.04465011814746407 0.1596792063347738 -0.18033616596700233 -0.22077853422984953 -0.2582670099751466 -0.13339802182415633 -0.17430881958543876 -0.3467305159460394 0.19318709023455588 -0.11412795189745013 -0.3175453951322676 -0.41573589144728806 0.11392274237846386 -0.1695888111179641 -0.29026827937194505 -0.2106677017673033 
-2.58546857608269 0.7972072865528665 -0.3770356737801991 -2.581601239390624 -0.3896674755263014 -2.220562542971518 1.5106580106175154 0.6636366397869655 0.8844438022859807 -0.6066367368097534 0.5705888035365716 -0.432840562318917 -0.04352286000391412 1.3303751980888396 0.0055368097631765135 0.13692286049408908 1.1703336161371212 0.30254436202728374 0.017086491975072154 1.5868967228856372 3.1247520692124096 0.6995529908174236 0.23254264811578543 -0.00959692152911542 -0.5452419529677708 0.19399471186503345 -0.10363777077124611 -0.4763057204916043 1.4481387621632307 -0.3088024243959658 -0.1832410677828091 0.33400147344846554 
-0.8715734866973385 2.117469733695276 -0.9364042059427307 -1.3877878102045336 -0.1976899756352185 -1.4363203602739139 0.7056237993914611 -0.10482504697499057 0.17925527398890245 -0.602915383982666 -1.0033447762573298 0.29715319586642686 0.13320400983571046 -0.11603837961576792 0.9090909844680171 0.31607776773170804 0.47616957058078696 0.2941709398479807 0.5030935975313112 1.7633180652510714 1.5516142007852742 -0.21563334539492376 0.25259491822252206 1.578215006976719 -0.09538052927849283 -1.2040810734179452 -0.48086337330284934 -0.6215837767081768 1.2676432990818223 0.25419912716364035 0.3787834337937515 -0.5720740461849472 
0.2968965724217473 -0.27512393209448377 -0.16828126054751008 -0.2369565315379505 0.09875473277957668 0.449885044004494 -0.20576105063552474 0.20757421401023748 0.05557196116753399 -0.38561129263843774 -0.17108510871440216 0.17879677158419427 -0.34711973732221846 -0.15870019124995935 0.19272776518958384 -0.017558020052105147 -0.3037812232350844 -0.11331468377482609 0.0985956395360069 0.12406760524137947 -0.2539237121537269 -0.1864597671603309 -0.1045381030476354 0.33018832651252095 -0.022495449953370317 0.3108190975334267 0.08606401769652688 -0.04828440401216855 -0.3996685953902941 0.2747807959034685 -0.3030105446113704 -0.22764523889333846 
0.24990728182572194 0.9368808661317135 -0.5632082752182245 -0.3173399559989683 -0.032215010870476485 0.8775805945688658 -0.5829489736935607 -0.36239316807049565 -0.3625904735869551 -0.4791388011620711 -0.36168798563779303 0.048845441494459615 -0.4970969639219608 -0.13591224330002552 1.037406612308365 -0.4711670509104045 -0.7115303698432309 -0.7818866252742376 0.01408650705256876 -0.17966523458369354 -0.959870529586539 -0.5106666718204581 -0.37792785131108775 -0.5121069776131469 -0.3354902671779005 -1.539658981983711 -0.09689475047851402 -0.20907056599224608 -0.5786055580710586 0.006379764279136516 -0.4508029408153883 -0.1563686290163662 
4.656657363341707 -0.6893846137293533 -1.8290810344718156 0.26372614841608755 -1.083014629547108 -1.2593879865702835 0.17911025247080387 0.49652661145019444 0.45744356668497427 0.2689693866187981 0.2525554763098145 -1.43743739571866 -0.2631172172984948 0.5804751635574881 0.39340845438154365 -1.1854280756305449 0.703610918652581 0.720268254267868 -0.5210906898056292 1.5812208022628713 2.8188911597658937 -0.13049647109328535 2.151156027234881 3.5692821221715776 0.6111702211857326 -0.441367666412325 -1.2542544182150461 -0.7176377004794139 1.8796140177470724 -1.1565601208705023 -0.15081855790656248 -2.0743699720409023 
-0.7580037029491126 1.1975251553225628 0.4359667208970095 -0.9273569655312244 -0.42677993596448044 0.9241937525664238 -0.2952461844659787 -0.17029537641613574 -0.5445104090774008 -0.5265043781209366 -0.39459976343800324 -0.09995932628063744 0.07363925041200434 -0.1677768619456891 -0.12725122887566848 -0.4085630998805264 -0.4668063094445326 -0.22871015372677778 -0.6543234807876491 -1.2431705959124322 -1.0694777688634403 -0.15605016131925306 -0.5646259212830048 -0.9916781039242831 -0.19266776761162238 -0.9342684922235179 -0.48711451497607217 -0.34786777899557353 -0.2999516352441286 -0.4159615579145604 -0.6297356273245907 -0.7607495961606658 
-2.1850984684797656 2.631948611144491 -0.3305708386256004 -1.734230405726585 -0.6975677754726541 0.20839277369919473 0.4795851232360875 0.013189677340918655 -0.002410177187722169 -0.5097547305975006 -0.8384351012517038 -0.4965455568640835 -0.11301334345925382 0.2445452569728334 0.12880253042506887 0.16532334655309425 -0.26323351065308503 -0.1276178294206545 -0.5781128018440123 -0.030386588905259013 -0.8105829317651514 -0.053467761400780474 0.7371970741157852 0.27827166372993584 0.1414140428378895 -0.33255341879163103 -0.07200103203372377 0.2528064202180519 0.9390938681528602 -0.7149248328530801 -0.035975566832601405 -1.0956193480702698 
-0.055961529190226886 0.36184537546462536 -1.2392853973029962 -0.7618106306563043 -0.17915248137821 -1.6045556073684721 0.8927967015855428 0.4373661205581968 0.3762882689966877 -0.0953249578954861 0.32289692635758926 -0.9556971470649736 -0.5336829018845193 1.047567126846796 0.1884496501105165 -0.5615152377881637 1.0816606288501516 0.10920566243620239 0.1332409486404738 0.3070310354485714 2.153098042765346 0.4433842636775772 0.6264266724787139 0.5957170412642485 0.5035953543714897 -1.4912059080309443 -0.16669304482554184 -0.9543788230972945 0.817393064754373 -0.5926062436126359 -0.048232223944946605 -0.7384882603277692 
-2.6255348883892506 1.852783845856567 2.994533037227668 -1.5984570063551977 0.3867635552343226 1.4320817589600439 -0.852574250896105 -0.6165486533840092 -0.2680200248767489 -0.8312766649651595 -0.8699025539611575 1.1144159016746056 0.3025816294434158 -1.3147271886440863 0.15954150676120546 0.62992881049163 -1.3758814601499898 -0.33940581760181504 0.426115008383285 -2.714580219470105 -3.046275873866253 -0.321506117609402 -1.5158376641483569 -2.850770651453076 -0.8798540749068531 0.41084718935984516 0.800691888883025 0.8525292008384783 -1.6022031806178318 1.1897635585172537 -0.25619338825878624 0.837772975839331 

2.795631992299404 
0.4264391000007111 
-0.20687532221902943 
0.3787155264213935 
-1.261629319399725 
-1.8800929173137018 
-0.80109156665862 
-0.21157757832020993 
-0.724265799312463 
-1.1674324892393464 
-1.4388859759652408 
-0.35074566831312404 
-0.439738619729606 
1.197956858844149 
0.6515089601236902 
1.3628837435794208 
-3.0124902776779647 
1.658967614722636 
-1.992894681262402 
-1.5671004229597176 
1.186698468605844 
0.07095952596976515 
-1.0417395017918218 
-0.484368390533917 
1.1164132922545094 
-2.0454898981619354 
0.140802984791717 
-1.9947059710252075 
0.8098922521889891 
-0.6647575614454164 
-1.1471615369755337 
0.9832317824923112 
Sigmoid
-0.04291287405543593 -0.5211835556734014 -0.8362907948857151 -0.06745796078386035 0.16692628118257574 0.07223984850279921 -0.7201015074963127 -0.2938005350186654 -0.20321491678154605 -0.751600541314388 0.1172988109987694 -0.290848094767853 -0.001189327567335412 -0.6846872443398809 -0.34677062307351514 -0.2827926139753246 -0.27001145193865844 -0.33046325156640033 -0.8753778904762662 -0.1706616119319439 -0.45877265774431536 -0.035952964491490325 0.20582126384792074 -0.43133779274330747 -0.4425540580796824 -0.33137512523034324 -0.22866584250111874 -0.0747689361608922 -0.48681878719402166 -0.5331298041174038 -0.33640760510366746 -0.03872234688621008 
-0.27845078273762724 -0.39150828490773504 -0.3933005964227632 0.019576584445150525 -0.10161083407352986 -0.011452585702043909 0.2118304268292586 -0.18309752720488687 -0.02064386692883501 -0.49281899616614944 -0.13418263646384077 -0.0713541699005913 -0.3753512949886003 -0.7573944901418125 0.16258442671293136 -0.25947824393082225 0.19088349736086813 -0.6430435954580631 -0.8273409917888008 0.19171067221003052 -0.30986497962201126 -0.17463150425000323 0.15231487579178568 -0.7185058066447271 -0.8810398728055149 -0.38882237325877056 -0.33249053482112484 -0.06473804508490337 -0.4024216829161586 -0.09233735299396274 -0.5326555852173219 -0.5538141401119616 
-0.5559372507280963 -0.19479659445799935 -0.19617962988019821 -0.059523295403819544 -0.19143231187348314 -0.15498853242691468 -0.3059314862945353 -0.0068312882974255725 0.039301673392840505 -0.24121561805707165 -0.1605190180476336 -0.09558233199549052 -0.036470513123815 -0.20156472922692578 0.034663517554121344 -0.47360262208014614 0.09776025845972769 -0.24185990018901624 -0.24566189950011605 0.04189781815012395 -0.463333397124277 -0.43798872017941987 -0.05489465786940387 -0.25607316543218434 -0.2655088971576015 -0.12880400108508416 -0.1051722839314841 -0.33555939550393066 -0.2297966293025365 -0.3712138795941524 0.13344012696984067 -0.01853786751224761 
-0.36813560369373766 -0.2999006733746443 0.031157082719784564 -0.21391025585064394 -0.2560512138097285 -0.1685185573361822 -0.14314044030477413 0.1361406544505783 0.01978535454156434 0.08157002464988383 -0.11723141077223075 -0.07181336488473007 -0.4122305710919276 -0.16161436196654078 -0.033771975397364554 -0.24096449617009055 0.049471331475828065 -0.1444232105838833 -0.06647596796721274 0.0076727722664390865 -0.20712917809426096 -0.1573279826584633 -0.1559083872693162 0.05860112243656753 -0.3730078662624442 0.038473154488645155 0.0018305249822995482 -0.14410082674037475 -0.42816362355040355 -0.45166459694316213 -0.19219825522877046 -0.029444726403829967 
-0.4807625622178824 -0.3970828197171511 0.10265975336282393 0.4790674254155244 -0.3457963052502129 0.04705099892222806 -1.8348443816659246 -0.7805249398629847 -0.4776216499727212 -1.7870195751174685 0.058349415663892394 -0.02908190393342235 0.10979710156935574 -1.1809784136270447 0.033282834361761285 -0.10327722510407032 -0.30024346162253507 -0.34185127456090403 -0.5832141281563216 -0.0628535557612865 -0.1608011529979082 -0.5517746992995504 -0.1537610801631883 -0.36716455953597904 -0.8913542810778337 -0.07467544986081394 -0.8942117405321618 -0.31032558184102854 -0.6448623375506123 -0.40203976729218366 -0.1997701567950501 0.2755542309297395 
-0.10299957003497145 0.03866564262836629 0.2724437425676632 -0.25594439522364354 -0.3222722296910585 -0.1467311091522967 0.3329624379180085 0.010890455434379245 -0.1402983519606894 -0.1752291840588314 0.04948134866445211 0.0014615357385593768 0.24471440278547957 -0.49396160736865286 0.13045875681708438 -0.5610010645965908 0.040985806306857143 -0.9240467267483589 0.23032177811732063 -0.02226703488901773 -0.11752018157197727 -0.06173560265307841 0.10084458518462774 -0.16853613958057567 -0.07691551157464349 -0.1245115237640253 -0.2603857646118032 -0.1798450359077105 0.009583735018201287 -0.3562960192205808 -0.23670313659728567 -0.13550128960176494 
0.7817965868464213 0.1558012534011194 0.4001424132301599 1.5235132033155085 0.5353367742319568 -0.09141041712407587 -1.3689837585032854 0.4130681046171077 -0.2530583527998829 -1.8471029408012782 -0.2527726632392076 -0.10799451782287808 1.1833704130199372 0.9292865858133711 0.1408458405290089 1.0684938003782092 -0.1637327984847321 -6.022783011495449 0.21616278579763173 0.14242349060964626 0.5208147398752738 0.05036310005131062 -0.1615644988627803 3.2883703434327045 2.0408354989200785 -0.532695513470315 -0.07037398425142247 1.4604874891806119 -0.36523632097555225 1.1283409181287072 1.415035564429738 -2.3752743927698283 
-0.7745908680878029 -0.4965955606331921 0.1531668704151572 -0.3911882372605907 0.0702167675216544 0.2695605468947478 -0.07438825894680941 0.09061085373999192 -0.16876445021776937 -0.27513988203203815 -0.2711606268518213 -0.42171441341300364 -0.041574946167478706 -0.22629297652878527 0.07204407960339908 -0.7279825952806177 0.09875492370579089 -0.8477343345151913 -0.23002314805313534 -0.22626917517205386 -0.4128443504193156 -0.32633267906881525 -0.21009038035290867 -0.15395106719983598 -0.5788709412931355 -0.06964379113049528 -0.26765266904682405 0.16136099629792375 0.13539464339977164 0.04668429682687168 -0.11880460819845078 -0.2493960783067725 
1.2943154032682262 -0.340179839251383 -2.6795952598226016 -0.6776994958665279 0.46392883937265456 0.002709565378153183 0.8816254982876078 -0.10759555984866848 0.04015317546916246 0.13599541967700096 -0.0921777149143082 0.310837055420858 1.103811052263043 -0.529326462895449 -2.025180871679807 0.4205939041161948 -0.0729444571972678 -2.2861422216716782 -2.736884379879545 0.054022792348685025 0.4692908105077491 -0.23467799656268976 0.25003938051582225 -0.31110906372058406 0.301524098545172 0.09088990438849147 -0.7476344661276719 1.1804544852080059 -0.141649340951185 1.4107561755555136 -0.28928755232071696 -1.6913490256993253 
-0.12454834658634757 0.047157256982760076 -0.4389218796676583 0.02356034309976972 0.1337241059501868 0.04230244783521389 -0.030400283116632988 -0.36371702144227847 -0.11164536745856998 -0.2827630231230799 0.10037977901205286 -0.38084607368328577 -0.1378394265806702 -0.6971498734801632 -0.22009706283076913 -0.38655357878344326 0.030458841251653428 -0.5343549616450763 -0.25883763461397846 -0.05339708147817933 -0.5126524970228584 -0.2617322556329711 0.19472648852732835 -0.5485078235520886 -0.18763148857568343 0.0520895520799598 -0.43772203086842026 0.0761716963404122 -0.013062092260330602 -0.42436723142614885 -0.28272673634525414 -0.019369030743038917 
4.304142881554178 1.0095456876881093 -4.397539461366328 2.4322055513630385 0.7517421034520532 0.05166166388666955 1.4110347055514085 0.5220104742548793 0.5462993266058367 0.9065364344923369 0.15435911655381623 0.24237894300065882 0.0034585018682294125 -0.9557539320908714 -3.0635374185109048 1.7764499646439584 0.2825876622320665 -0.757390041712605 -6.079497575570718 -0.08046517461105537 -0.547816184513832 0.6681584513740166 0.04160302115726434 -0.9074499397585364 0.20858752168926173 0.058067550343823375 1.10335281694457 2.8494449186180892 0.0842094834815468 -1.895929061741052 -0.5665586100132249 -1.041585425806201 
-0.401571858120011 -0.3268478699854799 -0.2429738647498632 -0.23824422786649166 0.08426126804395474 -0.14995784719074604 -0.23802648329264642 -0.3607958629974648 -0.25539680598709574 -0.7910979004053605 -0.1412254392564112 -0.28170148332140593 -0.012802491001499383 -0.47822805719496214 -0.0487505385177255 -0.39553746258814637 0.1290109545226536 -1.0705931047736121 -1.2483193586302126 -0.19136707599308156 -0.387409552629045 -0.04517882952825031 -0.12171966855467625 -0.7654881492937012 -0.23226311257291607 -0.24322561861834455 -0.29394616303449334 0.10767154238143908 -0.2728535308945539 -0.4494811181245604 -0.6188832929616427 -0.10384325053906944 
0.015037618182181401 -0.3089072315691137 -0.12674177980462517 -0.32722932207041516 0.2608910493895967 -0.08084407299079222 -0.3168854423584488 -0.36827612192071413 -0.15514903287580895 -0.4871700776586112 0.13707992662833696 -0.35501398627883896 -0.3893914869097713 -0.838118777488402 -0.6776962442472627 -0.6893466180019284 -0.28657993653993397 -1.2074187580398905 -0.9493893990003919 0.13571043464312063 0.10013990948734768 -0.5042863526596784 0.10679621835842328 -0.47239953375824745 -0.3343296242920604 -0.006590940334011707 -0.2244207693251955 0.1296459219578454 -0.013318118936110856 0.11913287256106773 -0.6438965421273591 -0.46344130162241687 
-0.45320788723256394 -0.15080806936814845 -0.18447915316275143 0.48413071235509336 -0.08927764176268387 -0.09007526126283558 -0.3776849005496029 -0.46064489464294417 -0.4496178436376354 -1.5152719505831225 -0.004528301689316224 -0.31078643931010963 -0.24850992266442104 -0.9095583835526053 -0.5853385683305345 -0.580974690125351 -0.16302215094654468 -1.2335963146927513 -1.6472816676803663 -0.0914048630738478 -0.5926809622100496 -0.1391800779678469 0.27796277905073097 -0.9681015544104913 -1.087372720789683 -0.3274185571824456 -0.8164015922218874 -0.16549688584859482 -0.32253953431520654 -0.8774658468914295 -0.6212647697291308 -0.04952425237935932 
1.5197350291156226 0.8127092433537962 -2.388217594525704 3.7626400683278973 -0.15305202075125973 0.02857171978037595 -3.744042075130466 0.5104599114566716 0.5472882292073391 -2.2194619268040134 0.27143650350565773 1.0018993208021065 4.2766260776600085 2.569814233081287 -1.1496479008105698 0.9460673509931997 0.16747050408574243 -2.7887356448095457 -2.4646698562448925 0.08305789199803433 1.219695582775139 -0.375745214442176 0.06509564042043478 2.3609905865045624 2.3468430419502497 -0.1590972786287527 0.4914041426836149 5.321088214434005 -0.9469872728699812 0.42787116614799336 2.9836271823591995 -2.993998640761757 
-0.24439695952583418 -0.10249902725179817 -0.344822090293626 -0.21878136928385972 -0.24839763539398643 0.19750135035966723 -0.13379864032549263 0.06499336548385395 -0.3462621292679326 0.16615951017844935 0.08965934789485416 0.1825036080807673 -0.20356679604587055 -0.061702906393571275 0.11695238815138763 -0.41043336697599375 0.019343396585105373 -0.5770403050176942 0.21378224142606542 -0.006977594708899503 -0.40569370554266865 -0.1766123176416667 -0.20592290515661527 -0.4128433433350982 -0.4058231315426686 -0.2272681732474611 -0.05611058090053295 -0.2229890951774378 -0.16438544096340393 -0.21406305737999964 -0.2748585542231863 -0.03800513036439298 
-0.3787416143461645 -0.2977842355952318 0.170119545969017 0.020838106318677312 -0.10103918969241885 0.20303994531960162 -0.34745087337173974 -0.07882873133454046 -0.17719071692068877 -0.19941797945378423 0.16128868858575715 -0.36159457029283437 -0.17301881560314392 -0.3388436497269506 -0.2530558093496548 -0.5345984439454831 0.24295997574955036 -0.6758959910989526 -0.2929761776467748 -0.12531490210804835 0.13924979681604618 -0.12805363926696892 0.09131238928441493 -0.20739094407334926 -0.46644762924872407 0.0674832787439812 -0.11306398090352912 0.16625932575378657 -0.3365360695208044 -0.20930628280600222 0.09828491733238463 -0.3097820038405451 
-0.19911919484789137 -0.3795879871171261 -0.12073821442103788 -0.14903447133969863 -0.11246455474774605 -0.20716413451054622 -0.30286224412924473 0.1363871981065477 0.1103255125186079 -0.4615489184506814 0.22405476190023846 -0.10763524296805514 -0.13722766830321473 0.009024422395126451 0.04523682952069795 -0.26088889916321983 -0.15192158967881522 -0.39547862707900777 -0.4749828021265262 0.013877793757209819 -0.2507621165669511 -0.3755129645784431 0.1224049299469912 -0.4107309115373458 0.009809741577546983 0.25345588930207175 0.12255878447987212 0.2014167447744917 -0.23874688846074774 -0.4305572704289357 -0.18563081212357516 -0.11813678980720448 
-0.4247081092977222 -0.4521968297375694 -0.5038344169420251 -0.26605524270447445 0.0008158677264383765 0.01610198806581924 -0.5570645753026952 -0.4429393748017273 -0.2223472974437061 -0.5300675762154494 0.12883718564717286 -0.20919575877102953 -0.5461703066292498 -0.827815408783464 0.32075837917674904 -0.5361981873175684 0.07808167127704359 -0.15394886570388847 0.15472857321173633 0.14906903870277968 -0.35799651222390133 -0.11190575695581605 -0.09373192575451138 -0.3389682971234931 -0.5523194856478997 -0.17693203578897704 -0.41534572017577565 -0.08486425085582529 -0.43176226099124665 -0.4982007287821982 -0.28753310605939686 -0.42271703418208706 
-0.6491965247574389 -0.8946676494771997 -3.609796111393027 0.34101940893237004 -0.06194070110521965 0.17941958645929248 -1.3141750075886316 -0.6678596379080566 0.05486110935466765 -0.09166521006195429 -0.12612041914937297 0.06573101161551936 0.7732912986074856 0.913984881283001 -2.202931051511858 -0.01401345062647896 0.04053083311597631 -2.889491842590264 0.36223848778401546 0.023780772519560678 1.8701878711636295 -0.28957889340046833 0.040432319929130815 0.27030490031983934 0.28794742475379237 0.259453092878777 -0.9264524401915283 0.9502821118168222 -0.42807344677684117 0.111553713790787 0.030450040908791616 -1.9812690576499348 
-0.3717631556676821 -0.2594376566215251 -0.36408366774448786 0.14684322863254304 0.10195758412807962 0.10755663545508451 -0.5733941219665523 -0.2569670223949153 -0.22941310475304233 -0.2453507303079144 -0.07959841897770535 -0.19851348937420255 0.12809575164818182 -0.34453589565042064 0.06733953685109824 -0.5874847960812947 -0.3055278393092601 -0.11267880229296692 0.19021486798491777 0.06329567004637732 -0.4768035211026661 -0.06273769897789701 -0.23187339734848952 -0.13156233448805768 -0.2257915941127641 -0.011397793627975092 0.11290360390054549 0.12474142380967315 0.0602031346561831 -0.23781789421758567 -0.42188409339024724 -0.050630157168475354 
1.119357375782839 -0.18594473532592037 0.12842791528775824 -0.10682448144000377 0.2670558975560345 -0.10582319107674185 0.2460722643564156 -0.5574786675047045 0.18946625616520926 -0.2220746348686509 0.09480058633162274 -0.20640918953845627 -0.2487571950054659 -0.6623468308809 -0.21098121596963829 -0.18810789610718023 0.11759093175011508 -1.8503004683259967 0.5273416254470926 0.22706655913295526 -0.7433569197602946 -0.5361479378367383 -0.18670996590770636 -0.7808952858769767 -0.3272319301720668 0.10351441070826037 -0.24769253817613726 0.3299260877961841 -0.34103826378592766 -1.2341518500143145 -1.1390455048111652 -0.7231342816338837 
-0.6759525063021729 -0.47511168811003807 -0.3119460799531284 -0.15136520719700614 0.2119499919282189 0.21763578404352185 -0.33757428370205345 -0.13268510248018486 -0.32968191475086284 -0.25354183333646624 -0.33837059838238087 -0.03987577241375811 -0.32523228562338036 -0.7971217392849997 -0.7750125611625935 -0.3525354987469547 -0.28412141273143987 -0.283746904653887 -1.0209201802306263 -0.1392240172249296 -0.06340736697569756 -0.46280723675977864 0.12737153124504436 -0.03938544018562234 -0.13260443809164155 0.06597543835633034 -0.3014021294416753 -0.28946490538198083 0.129595470001475 -0.35874782222020823 -0.16542161585494347 -0.25132442195556826 
-0.11028492160925953 0.08528058652788505 -0.5684774637143633 0.34281263102407117 0.16208452981678423 -0.20442816131952737 -1.023034368693392 -0.1137011866658126 -0.5473356343771458 -0.14163240815307684 0.050472861383167714 -0.1221619215058087 0.243685061738904 -0.40491111220294085 -0.981272223836639 -0.5163689488732559 0.020500941029506777 -0.6059867680103896 -1.1502482572575257 0.07583883714272502 -0.036711075315233134 -0.26537744206290226 -0.03708819012753013 -0.17430969974397362 -0.41164301025081973 -0.05673417656756427 -0.3703712933597955 -0.20466818385514302 -0.10876444514043695 -0.39935032249929914 0.06415392349646919 -0.6940903780229094 
-0.07726720971098341 -0.05307913436745944 -0.034389276854745916 1.5380161183872354 -0.3071338297341509 -0.19690248528602963 -4.025764562689773 -0.6026959828319293 -1.0403868871436144 -1.305405492951895 0.21329575349385435 -0.800786449238346 0.5656013342230051 -0.5670313154399359 -1.3467837583809177 0.3300522127488761 -0.017525416081733736 -2.1703621318459727 -1.205186060836757 0.4644080798751695 -0.007527946443290925 -0.4363187612113921 0.47001583628375804 -0.4871240945475765 -0.8652674892973206 -0.17688528316751193 -0.44370193608631203 0.2419939021389064 -0.31895025426305024 -1.2003335647249715 0.9732093936331068 0.05422903279880047 
0.09623420951616486 -0.17940603372410424 -0.495437497368443 -0.06825510662848831 -0.25406003327068877 -0.05334307296233675 -0.5866001498890423 0.012977344556324386 -0.08764304302656961 -0.1544541724310837 -0.3114718629663047 0.03794817087807282 -0.030683313977233673 -0.4969276852990945 -0.6910848478869367 -0.45666033773711373 0.08614204725877227 -0.5436792533990638 -0.8169187263728385 0.05937351782671814 -0.084681939854873 -0.08270465244316173 0.09180416986659824 -0.07841959732798078 -0.5429749018492547 -0.14474016487663613 -0.4169218513278501 -0.16487988245720225 -0.14039370964306233 -0.4977370909540483 0.03436587892868408 -0.24191900151497497 
-0.2856402214501729 -0.28060378102665656 -0.43630496656085027 -0.4942746030347431 -0.223098085086374 0.04415608094138251 -0.24358611420469553 -0.013906321472526519 -0.3191190356175548 -0.4602471170319987 -0.07145646501747849 -0.07402760449998143 -0.22194302873427485 -0.440678397608959 -0.20996300663935438 -0.3276992092212625 0.27446162311324196 -0.5326237690038698 -0.5165584657176431 0.25972898837173947 -0.4750526025638735 -0.3482119164688273 -0.18889517995112906 -0.41138510152512087 -0.33220827423162175 -0.28398831504397243 -0.469808102832449 -0.11874971491827226 -0.18879976827909184 -0.2587497536702313 -0.28756750690932037 -0.3274839914244918 
0.20634288624882613 -0.3247218625364474 -0.315916201544258 -0.08885758884486365 0.10435562871189248 -0.3399031326736874 -0.9108911312307021 -0.44890256391333755 0.06882115443104503 -0.7807775606819223 -0.11722023207273795 -0.17621993311074027 -0.19784142344015185 -0.5367469375811267 0.18253837377280566 -0.5169464291832405 -0.2792935621854735 -1.1918779612554933 0.15506672132992805 0.03257520252008843 -0.5904701347328191 -0.6155531511218292 -0.19593728678319675 -0.7868484756990555 -0.5339964704403031 -0.2311325914185861 -0.1978272961085641 -0.07555421737478352 -0.6008804013898614 -0.9126132779662831 -0.3762760487344648 -0.3221461636669341 
-0.4116047996051357 0.11362936040868289 -0.30520874124284797 -0.059487777429166236 -0.11488753124789554 0.25675285243658574 -0.930470417304604 -0.49169588506352063 -0.462107693335781 -0.5265463436244436 -0.2396760113719552 0.08966370042910787 0.11935439416646358 -0.5376359890126288 -0.8796841878003252 -0.1244896056202289 -0.13795775538033278 -0.8272479370747678 -1.2578583301549842 0.04093527039941385 -0.38298807056812084 0.06347374803594938 -0.1283368462661062 -0.5266501965936541 -0.549804480784261 0.19275640452574477 -0.35995615699255307 0.11739499894862315 -0.3328181848399649 -0.06558655441417169 0.18804769586560055 -0.0701223000488994 
-0.14494864052536519 -0.48988712017726227 0.20763492864403152 -0.18547407833072832 -0.2253626877121493 -0.19073699436865055 0.1728119069983849 0.009525826623270856 -0.1953080705590647 -0.34122994123539024 0.06469973321257619 -0.20723242797052374 -0.08369865978491522 -0.7692313040093507 0.24666136809007605 -0.8619689040008539 0.17808660164692278 -0.9695981081515653 0.5443042318546205 -0.3203789860545243 -0.49366907386831943 -0.4885259377724045 -0.34346728965847634 -0.5101948261502665 -0.3246556399802605 0.09970934318303887 -0.04821573695980353 0.29981256109579707 0.007639085643462521 -0.6497719565031148 -0.5153995774427896 -0.6591700746450648 
-0.6652194038370199 -0.31144359277064404 0.335364781740744 -0.13036966192901583 -0.09196300023255738 -0.24418844433210624 -0.020977314560786296 -0.1476570668800842 0.014734775988465513 -0.17950350444196359 0.036091835964700565 -0.10498507026287184 -0.065267361803517 -0.3923574172246545 -0.09019612567347178 -0.1243104258776922 -0.09481504923205172 -0.6322035662385845 -0.11386428303933355 -0.22072379405426037 -0.040640017706409515 -0.3532441900234154 -0.3303078157422215 -0.12223371873744945 0.06898894406230449 -0.02903715672094422 0.14668965461845498 -0.18322511369023955 -0.291238999001424 0.03660964684558277 -0.12912318980050813 -0.185802466200972 
-0.5070184614991355 -0.6277107636397176 -0.05028017199885502 0.06177696429305196 -0.20602253091114123 -0.16306327143460786 -0.035581514442391445 -0.05280975214690875 -0.18732974776173228 -0.8151450653397834 0.011423878176484955 -0.4174714630085373 -0.3092336448208299 -0.6884277543249762 0.15888442875977352 -0.4428495267901144 -0.030416777276535426 -0.31545669104630547 -0.08531208042005559 -0.22441570849112125 -0.7151857283560463 -0.2094024758320627 -0.16096201361037907 -0.9084589959640135 -0.5109927566011412 -0.11541023848698873 -0.17313870357932096 0.2519829525045731 -0.2982689873297463 -0.46504496213268504 -0.3086864511817248 -0.3589113675577526 

-0.21361987334960755 
0.10102495426404795 
-1.0654682421549584 
-1.6545767434504273 
0.37547398905037155 
-1.7143175011090688 
-1.3506378575081552 
-0.18255304462346678 
0.5717982712425479 
-0.920290310813877 
3.9298418508848703 
0.42541700339266586 
0.4641621861973682 
2.0496223231217905 
3.890932137810534 
-1.131097411935159 
-0.7354170664363552 
-1.734513991608081 
0.041136713022453635 
1.7046875451489825 
-1.4455569137768127 
-0.11927498810833502 
0.08225646233198854 
-0.2578465610119323 
1.697880149465419 
-0.7189084990221741 
-0.12967719593770244 
0.48926927497822975 
-0.09693695659318513 
-0.23557708637250735 
-1.1915523784211046 
-0.1633038983284013 
Sigmoid
-0.9044550692112759 -0.9613295682478464 -0.4306114386056402 -0.2677681110643761 -1.5212924249364042 -0.5448256519201167 2.747053058129535 -0.6558633969519616 -1.699235734287872 -0.6456201302111758 -1.6110615691164598 -1.101634477284849 -0.987156135577373 -1.6970729011394659 -2.471036790611656 -0.413260880028987 -0.6169451159887366 -0.48395078748710624 -0.7538573261324889 -1.8950256531738274 -0.4691024939780637 -1.3725948183271095 -0.8289700895924622 -0.9570232780063678 -2.509267781198572 -0.7313006161784326 -0.6692138512339969 -1.1274652966057481 -1.0992126518461574 -0.8904443893597357 -0.5442586093467071 -0.8475111656453671 

4.569740228229917 
Linear
